Sensor: bmi160 Accelerometer Non-wakeup
Vendor: BOSCH
TimestampAcc [ns]; AccX [m/s^2]; AccY [m/s^2]; AccZ [m/s^2]
3356410879639;-9.2417;0.1953;-3.3123;
3356420935211;-9.2994;0.2889;-3.3482;
3356430998701;-9.2225;0.3344;-3.2381;
3356441127086;-9.1890;0.3129;-3.2118;
3356451190576;-9.1795;0.2770;-3.2955;
3356461373024;-9.1962;0.2243;-3.3242;
3356471436514;-9.2225;0.1929;-3.3314;
3356481567816;-9.2608;0.2195;-3.3553;
3356491695107;-9.2536;0.2530;-3.3266;
3356501778649;-9.2010;0.2698;-3.2716;
3356511895316;-9.2034;0.3105;-3.2333;
3356522005316;-9.2034;0.3176;-3.2716;
3356532120680;-9.2249;0.3081;-3.3314;
3356542240003;-9.2249;0.2674;-3.3553;
3356552341149;-9.2010;0.2626;-3.3577;
3356562438909;-9.1819;0.2530;-3.3817;
3356572550941;-9.1579;0.2339;-3.3458;
3356582685784;-9.1747;0.2794;-3.3338;
3356592765368;-9.2106;0.3416;-3.3529;
3356602883649;-9.2369;0.3344;-3.3745;
3356612990472;-9.1795;0.3272;-3.3697;
3356623118024;-9.2082;0.3511;-3.3625;
3356633213180;-9.2178;0.3272;-3.3817;
3356643318076;-9.1890;0.3272;-3.3912;
3356653439014;-9.1555;0.3320;-3.4035;
3356663539586;-9.1890;0.3416;-3.4729;
3356673640316;-9.1914;0.3272;-3.4657;
3356683774274;-9.1699;0.3392;-3.4442;
3356693866618;-9.1795;0.3511;-3.4059;
3356703965264;-9.1699;0.3416;-3.3458;
3356714085680;-9.1795;0.3416;-3.3817;
3356724198284;-9.1962;0.3248;-3.4035;
3356734308857;-9.2010;0.2770;-3.4035;
3356744410420;-9.1938;0.2363;-3.4466;
3356754545003;-9.1651;0.2001;-3.4178;
3356764633857;-9.1795;0.1522;-3.3960;
3356774738649;-9.1866;0.0446;-3.4561;
3356784874222;-9.1771;-0.0583;-3.4490;
3356794965211;-9.1747;-0.1807;-3.5040;
3356805071357;-9.1795;-0.3170;-3.4920;
3356815181045;-9.2082;-0.4681;-3.4083;
3356825290003;-9.2225;-0.6168;-3.3410;
3356835423805;-9.2273;-0.7340;-3.3625;
3356845511774;-9.2584;-0.8034;-3.3769;
3356855615941;-9.2225;-0.9066;-3.4657;
3356865727034;-9.2082;-0.9353;-3.5112;
3356875835993;-9.2082;-0.9018;-3.5614;
3356885948336;-9.2178;-0.8417;-3.5973;
3356896048180;-9.2441;-1.0741;-3.3553;
3356906167191;-9.3138;-1.4073;-3.0870;
3356916275107;-9.3903;-1.4121;-3.2740;
3356926396149;-9.3162;-1.4121;-3.2716;
3356936495107;-9.2369;-1.3735;-3.3817;
3356946603649;-9.2489;-1.2586;-3.4825;
3356956711982;-9.2321;-1.1004;-3.4155;
3356966820055;-9.2034;-0.8536;-3.2620;
3356976932920;-9.1866;-0.5925;-3.1998;
3356987046461;-9.1723;-0.3580;-3.1878;
3356997156461;-9.1914;-0.1041;-3.1735;
3357007266774;-9.2058;0.0900;-3.1400;
3357017376774;-9.2273;0.2794;-3.1783;
3357027487191;-9.2082;0.3511;-3.2070;
3357037605003;-9.1603;0.4469;-3.2118;
3357047709482;-9.1555;0.5429;-3.3290;
3357057825316;-9.1244;0.6553;-3.3147;
3357067930420;-9.1364;0.7920;-3.2477;
3357078037295;-9.1651;0.8877;-3.2812;
3357088152920;-9.1508;0.9117;-3.2477;
3357098254691;-9.1149;0.9882;-3.2142;
3357108375524;-9.0718;1.0795;-3.1759;
3357118475420;-9.0718;1.0914;-3.2357;
3357128602711;-9.0503;1.0340;-3.3194;
3357138700264;-9.0479;1.1847;-3.4274;
3357148797295;-9.0574;1.3406;-3.4585;
3357158911566;-9.0646;1.4841;-3.4585;
3357169018597;-9.0718;1.6543;-3.3505;
3357179122659;-9.0742;1.7572;-3.2309;
3357189250420;-9.0431;1.8508;-3.2285;
3357199357764;-9.0120;1.9585;-3.3482;
3357209432243;-9.0311;2.0064;-3.4035;
3357219573180;-9.0407;2.0566;-3.3984;
3357229684586;-9.0694;2.0809;-3.4370;
3357239793545;-9.0622;2.0904;-3.4896;
3357249894014;-9.0120;2.0686;-3.5064;
3357260004170;-9.0048;2.0327;-3.5279;
3357270120524;-9.0574;1.9872;-3.5112;
3357280220576;-9.1053;1.9442;-3.4059;
3357290310368;-9.1364;1.9466;-3.3410;
3357300444170;-9.0909;1.9083;-3.3290;
3357310547816;-9.0383;1.8221;-3.4011;
3357320667191;-9.0024;1.7859;-3.4920;
3357330764326;-9.0120;1.8173;-3.4872;
3357340885941;-9.0814;1.8580;-3.4968;
3357350983336;-9.0814;1.8341;-3.4872;
3357361099795;-9.0694;1.8341;-3.5518;
3357371226201;-9.0191;1.8126;-3.5542;
3357381313441;-9.0096;1.7931;-3.4633;
3357391446670;-9.0646;1.7357;-3.3984;
3357401535264;-9.0120;1.7668;-3.7388;
3357411639014;-8.8202;1.9920;-5.2286;
3357421754691;-8.2741;2.6103;-7.0564;
3357431868649;-7.9986;1.2855;-4.8479;
3357441968232;-9.5148;-2.3055;-0.4328;
3357452082607;-11.2182;-1.6059;-0.7155;
3357462194586;-9.7519;0.9954;-3.3745;
3357472301670;-7.8428;0.6075;-2.4212;
3357482413545;-8.7147;1.6878;-5.4443;
3357492522191;-9.2058;1.4124;-7.0995;
3357502624743;-8.3650;0.4807;-4.5772;
3357512729951;-8.2238;2.3898;-5.7820;
3357522861618;-8.7389;3.7624;-5.8373;
3357532962868;-9.3951;3.5874;-3.9230;
3357543083336;-9.6156;1.7333;-1.4916;
3357553328128;-9.7137;1.5176;-1.2473;
3357563298180;-9.3712;2.8065;-3.2883;
3357573382764;-8.3028;2.8184;-3.9951;
3357583515107;-7.8356;2.5334;-4.5580;
3357593668232;-8.6022;3.5276;-6.7044;
3357603736097;-9.3257;3.4101;-6.0888;
3357613832659;-9.1675;2.3034;-3.9278;
3357623937764;-8.9016;2.1742;-3.1902;
3357634044847;-8.5639;2.3539;-3.3936;
3357644145211;-8.2214;2.4281;-3.6093;
3357654276722;-8.3698;2.6270;-4.1818;
3357664400576;-9.0407;2.3874;-4.5796;
3357674481722;-9.5940;2.2244;-4.9077;
3357684619014;-9.7113;2.1598;-4.5341;
3357694696930;-9.1436;2.1909;-3.8824;
3357704822347;-8.7341;1.9920;-3.4155;
3357714950055;-9.0048;1.8580;-3.5160;
3357725035055;-9.0072;1.7142;-3.3721;
3357735165420;-8.5759;1.5873;-3.3266;
3357745258961;-8.5543;1.5754;-3.7268;
3357755392451;-9.1460;1.4865;-4.5915;
3357765477920;-9.2273;1.3286;-4.8957;
3357775587295;-9.0455;1.3334;-4.6322;
3357785686566;-8.8609;1.2159;-4.3974;
3357795832451;-8.3459;1.0149;-4.3256;
3357805922503;-8.3004;0.9380;-4.3208;
3357816031774;-8.7652;0.6458;-3.7627;
3357826140836;-9.5940;0.4998;-3.3338;
3357836240264;-9.7113;0.8495;-3.5136;
3357846363128;-9.2827;1.0484;-3.7579;
3357856444274;-8.5974;0.9906;-3.7890;
3357866575628;-8.9016;1.0771;-4.2036;
3357876683545;-8.9136;1.0196;-3.9999;
3357886799691;-8.1182;0.7537;-4.0047;
3357896907191;-8.4682;0.6434;-5.3031;
3357907014274;-8.9207;0.3057;-5.1233;
3357917122503;-8.3698;-0.1232;-3.2716;
3357927237920;-8.1494;0.3009;-2.6991;
3357937351461;-9.0670;1.0747;-3.5088;
3357947453336;-9.5653;1.1967;-3.0248;
3357957570107;-9.7400;1.2374;-2.6943;
3357967678545;-10.7294;1.8389;-4.3639;
3357977782086;-10.8180;2.2555;-5.2573;
3357987899274;-9.4813;1.9298;-4.8311;
3357998000680;-8.3483;1.7142;-4.7040;
3358008113857;-8.1999;1.4243;-4.1794;
3358018233493;-7.9292;1.1656;-2.3447;
3358028330524;-7.8212;1.7166;-1.2114;
3358038441045;-8.1565;2.7514;-2.1051;
3358048552711;-9.5267;3.2186;-3.4777;
3358058639899;-10.4204;2.7897;-3.2381;
3358068769586;-9.6036;2.4784;-3.0990;
3358078887191;-9.2922;2.2890;-5.1879;
3358088983545;-9.8336;1.8724;-6.1534;
3358099098805;-9.0287;1.3430;-4.9388;
3358109210836;-8.3698;0.7633;-3.7125;
3358119315420;-7.9699;1.0699;-3.0416;
3358129424691;-7.8500;1.2589;-2.3877;
3358139547503;-8.7218;1.3525;-2.4858;
3358149643232;-9.3329;1.6113;-2.7661;
3358159757607;-8.9112;1.7596;-3.0607;
3358169857139;-9.8480;1.7668;-4.0190;
3358179964326;-10.7868;1.7166;-4.6801;
3358190099326;-9.5148;1.7644;-4.3472;
3358200190993;-8.3267;1.6950;-4.0789;
3358210290576;-8.3674;1.5419;-3.2046;
3358220408545;-7.5075;1.2326;-1.9875;
3358230506201;-7.5242;1.3310;-2.6704;
3358240631097;-9.3736;1.4148;-4.6872;
3358250737920;-11.2062;1.4602;-5.6145;
3358260846774;-10.4898;1.2254;-4.4839;
3358270964586;-8.2813;1.1560;-3.3721;
3358281032086;-8.3148;1.6184;-4.1315;
3358291195368;-7.7542;1.7118;-3.1783;
3358301287139;-7.7064;1.3023;-1.7384;
3358311402347;-9.8527;0.9260;-1.9540;
3358321503961;-10.0059;1.2903;-2.3375;
3358331606722;-8.8633;1.7381;-4.1530;
3358341733024;-9.8360;1.6807;-6.9296;
3358351835628;-9.5533;0.8040;-6.1104;
3358361947764;-7.8811;0.0517;-3.9784;
3358372050628;-5.4520;-0.9879;-2.9602;
3358382163024;3.2698;-5.0100;-1.1085;
3358392266514;-5.2244;1.1369;-4.0573;
3358402367711;-20.8672;-0.7603;-16.5332;
3358412493545;-22.7907;-3.8363;-12.2234;
3358422584534;-9.4717;-4.0014;1.0905;
3358432702555;-1.7677;-2.6934;3.2656;
3358442809482;-4.7886;-1.1892;-2.1769;
3358452918336;-7.6152;-0.5255;-4.5532;
3358463047451;-9.9580;-0.5255;-4.6107;
3358473201930;-10.7725;0.2028;-4.9651;
3358483252972;-8.5783;-0.3075;-6.6565;
3358493357086;-9.1460;-0.5806;-8.9895;
3358503475524;-8.4969;-0.2596;-7.2338;
3358513586982;-7.4836;-0.2859;-5.6121;
3358523692868;-10.7486;0.1451;-7.2099;
3358533862711;-11.6997;1.8700;-5.6623;
3358543908701;-7.6729;2.9192;-4.0908;
3358554002347;-7.4357;3.4005;-6.9177;
3358564127191;-7.7160;4.5936;-6.5079;
3358574227659;-7.2775;3.8725;-3.2596;
3358584328128;-7.2918;3.9829;-4.8431;
3358594451566;-8.3602;4.1719;-6.7331;
3358604552034;-8.8896;4.1288;-7.0828;
3358614652451;-11.3641;3.5779;-6.8025;
3358624802191;-11.8911;3.4989;-3.8010;
3358634902659;-8.6572;2.9791;-2.1051;
3358645003128;-9.4956;1.8796;-5.2573;
3358655114274;-10.3029;1.3669;-5.1760;
3358665214743;-6.7505;0.4325;-1.8775;
3358675315211;-7.4381;0.1977;-1.7264;
3358685458024;-7.5242;1.3454;-2.2798;
3358695558493;-5.2029;1.0914;-2.5481;
3358705658961;-7.2105;0.3105;-5.1209;
3358715772503;-7.6319;-0.0873;-5.2840;
3358725872972;-6.9206;0.0374;-4.4381;
3358735973389;-8.3028;0.3033;-3.3697;
3358746099691;-7.1889;-0.2333;-1.3959;
3358756200107;-11.1894;-0.5518;0.1397;
3358766300576;-18.8285;-1.5006;-6.2779;
3358776430889;-20.6228;0.2674;-8.8436;
3358786531357;-10.1091;0.4301;-1.7216;
3358796631826;-1.2024;0.2100;1.9146;
3358806767868;0.5725;0.2794;-2.6943;
3358816868336;-3.6123;-0.2979;-7.0971;
3358826968857;-10.3511;-1.6131;-5.3342;
3358837091097;-11.0575;-2.5379;-0.7035;
3358847191566;-12.1666;-1.6202;-3.6981;
3358857292086;-13.7764;-1.8622;-6.7116;
3358867432139;-11.5678;-2.5092;-4.5796;
3358877532607;-9.1866;-2.5451;-2.6393;
3358887633076;-8.0991;-2.8110;-3.3458;
3358897748076;-6.7361;-3.1343;-1.9612;
3358907848545;-6.1995;-4.3872;-0.3299;
3358917949014;-7.2224;-4.1668;-1.7910;
3358928085993;-10.0875;-3.9320;-3.7364;
3358938186461;-12.9117;-3.6757;-2.8642;
3358948286930;-10.0609;-3.9368;-1.8846;
3358958408961;-7.8500;-3.8865;-2.6967;
3358968509430;-7.0546;-4.4255;-3.9135;
3358978609899;-7.8811;-4.8757;-3.4394;
3358988737347;-11.2780;-3.5800;-1.0319;
3358998837816;-9.2345;-2.4876;-1.0223;
3359008938284;-8.3076;-2.8469;-4.2730;
3359019068284;-10.1928;-3.6039;-4.9077;
3359029168805;-10.5951;-2.3342;-1.6642;
3359039269222;-7.2464;-1.5389;-0.8402;
3359049395316;-6.1875;-2.3916;-3.0655;
3359059495784;-9.7137;-2.8205;-5.3175;
3359069596253;-11.2899;-2.1879;-3.6909;
3359079722555;-9.6826;-0.2764;-1.3863;
3359089823076;-8.0297;0.6912;-1.3050;
3359099923493;-9.3353;0.5596;-4.0478;
3359110040732;-12.2602;1.3597;-4.9460;
3359120159586;-8.7987;2.1550;-3.3721;
3359130260055;-7.2894;1.5754;-4.2179;
3359140360524;-10.8467;0.6745;-4.7617;
3359150483805;-10.0971;1.1154;-2.7350;
3359160584274;-7.2966;1.1776;-3.3721;
3359170684795;-8.4296;1.0484;-4.3831;
3359180811253;-10.6074;0.3296;-4.9364;
3359190911722;-11.3067;1.1919;-6.2635;
3359201012191;-9.7519;0.9188;-4.2060;
3359211160055;-6.6523;0.8518;-3.4633;
3359221260524;-7.2775;-0.2142;-4.5963;
3359231360993;-11.1030;-1.1581;-4.2562;
3359241474795;-10.6935;-0.3194;-3.2764;
3359251575264;-8.0680;-0.5590;-4.4668;
3359261675732;-10.1689;-0.2453;-5.1305;
3359271805211;-10.0155;-0.0464;-5.4371;
3359281905680;-9.5821;0.2339;-6.0960;
3359292006149;-9.6132;0.0446;-6.4792;
3359302125055;-8.4344;0.6314;-5.9880;
3359312225524;-7.5075;1.2999;-4.8766;
3359322325993;-6.6787;1.4841;-4.9866;
3359332462868;-4.7408;1.4100;-6.6326;
3359342563389;-10.7246;1.2565;-8.1296;
3359352663857;-11.3856;1.2685;-4.8120;
3359362778128;-4.0579;2.1072;-3.9254;
3359372878597;-7.9217;2.4281;-8.4697;
3359382979014;-11.9007;1.2087;-6.9296;
3359393127191;-6.6380;2.1479;-4.5197;
3359403227659;-6.1086;2.7754;-6.6829;
3359413328076;-9.6323;2.2412;-8.0148;
3359423435420;-9.8097;1.9609;-7.7106;
3359433535889;-9.0287;2.2986;-9.3514;
3359443636409;-10.4396;1.0962;-8.6495;
3359453824014;-10.1306;0.1786;-5.3151;
3359463924482;-8.1541;-0.4107;-2.4093;
3359474024951;-5.1646;-0.8803;-2.0692;
3359484104222;-5.4736;-0.4633;-4.1554;
3359494204691;-9.8886;0.2363;-5.0731;
3359504305159;-11.2516;0.1451;-3.4968;
3359514415055;-8.6883;0.6553;-4.0741;
3359524515576;-10.8900;0.4588;-5.9785;
3359534615993;-9.8025;0.3631;-4.2347;
3359544781305;-6.5133;0.0254;-2.0378;
3359554881774;-5.5047;-0.2883;-3.6188;
3359564982243;-3.8327;-0.4681;-2.7111;
3359575106201;-6.4199;-1.3184;-4.0238;
3359585206722;-9.4406;-0.8273;-7.2434;
3359595307139;-13.5153;-0.3652;-8.0243;
3359605415784;-15.8462;-0.2788;-6.0622;
3359615516253;-10.7438;1.0460;-1.6810;
3359625616722;-7.7734;2.0160;-3.6790;
3359635738753;-9.2827;2.0495;-3.5183;
3359645839170;-9.0598;2.8591;-2.0258;
3359655939691;-7.9484;3.1442;-1.8153;
3359666080784;-6.1373;2.6052;-1.4390;
3359676181253;-6.8318;2.2053;-5.3749;
3359686281722;-11.6563;1.3980;-5.8588;
3359696415784;-14.4616;-0.2213;-4.2009;
3359706516305;-11.3091;-0.0105;-3.6957;
3359716616722;-9.0191;-1.2251;-3.5806;
3359726739326;-7.8643;-1.3783;-2.3180;
3359736839795;-5.8044;-1.3137;-2.7661;
3359746940264;-7.7518;-1.2275;-3.3840;
3359757070264;-7.6582;-0.5542;-2.2199;
3359767170732;-8.4368;-1.1964;-4.1937;
3359777271253;-12.5692;-1.6633;-4.5891;
3359787414951;-12.7609;-0.8536;-1.8703;
3359797515420;-8.9279;-0.3075;-1.9014;
3359807615941;-8.9112;-0.1041;-2.4954;
3359817732868;-6.7265;-1.7809;-3.1086;
3359827833336;-9.9532;-1.4838;-5.5137;
3359837933805;-9.0479;-2.1209;-3.7292;
3359848058909;-6.6404;-1.6178;-5.1951;
3359858159378;-8.1517;-0.6646;-6.3523;
3359868259847;-10.6911;-0.9855;-6.3715;
3359878380628;-10.0708;-0.5614;-5.3868;
3359888481097;-7.5864;-0.7125;-4.3902;
3359898581566;-8.6836;-0.6933;-4.2682;
3359908727972;-7.4381;-1.1438;-3.3936;
3359918828441;-7.2272;-0.8321;-6.1439;
3359928928909;-12.3918;-0.4394;-6.0215;
3359939037243;-11.0384;-0.3604;-3.5375;
3359949137711;-7.8547;0.1451;-3.8728;
3359959238180;-8.4057;-0.3748;-3.9159;
3359969374691;-9.3760;-0.7771;-5.4491;
3359979475159;-11.7380;-1.4384;-4.7375;
3359989575628;-9.8599;-1.7043;-2.4643;
3359999689170;-5.3803;-1.2706;-3.2931;
3360009789639;-7.1216;-1.8168;-6.0622;
3360019890055;-10.8419;-2.2600;-5.0348;
3360029999014;-8.3195;-2.2576;-4.3567;
3360040099378;-8.3770;-2.3797;-4.8407;
3360050199899;-7.8188;-2.0085;-3.3003;
3360060360472;-8.4945;-1.0214;-4.9220;
3360070460941;-8.6548;-1.4623;-4.9173;
3360080561409;-10.6816;-0.5471;-4.7040;
3360090675264;-10.2479;-0.9497;-1.8129;
3360100775732;-6.5468;-0.3676;-3.5279;
3360110876201;-8.1805;-0.5662;-5.5857;
3360121009170;-10.2933;0.5524;-4.2897;
3360131116930;-10.3391;2.0638;-3.8010;
3360141224691;-7.3373;1.3095;-3.6838;
3360151345003;-5.3827;1.3693;-5.4084;
3360161452764;-9.7639;1.2470;-7.1354;
3360171560524;-9.7232;2.0566;-5.7102;
3360181668649;-6.0751;2.6127;-6.0479;
3360191776409;-7.3998;1.5586;-5.4706;
3360201884170;-8.9566;1.3789;-4.4934;
3360211998128;-7.5673;0.7705;-4.9771;
3360222105889;-8.6716;0.1451;-6.2180;
3360232213649;-11.3904;0.7466;-3.6236;
3360242326566;-8.6692;1.5682;-3.8106;
3360252434326;-6.3338;0.9332;-3.1567;
3360262542086;-10.6217;0.6123;-3.9640;
3360272644586;-11.0743;0.9978;-1.5084;
3360282752347;-6.9781;0.5261;-2.1266;
3360292860107;-8.7676;-1.5317;-6.1247;
3360302992711;-11.6997;-0.8489;-4.4668;
3360313100472;-8.7796;-0.3820;-4.8048;
3360323208232;-8.5902;-1.4097;-5.6839;
3360333305628;-5.6629;-1.2347;-3.3242;
3360343413389;-6.6763;-1.0310;-4.7450;
3360353521149;-12.0996;-1.6705;-3.6790;
3360363639586;-11.4410;-0.4418;-4.3232;
3360373747347;-12.2818;0.1834;-4.4405;
3360383855107;-9.1340;-0.1831;-0.7612;
3360393959066;-6.5683;-0.7172;-0.9574;
3360404066826;-9.9389;-1.0741;-3.1878;
3360414174586;-11.0264;-0.4035;-3.9879;
3360424297399;-7.6367;-0.9736;-4.5891;
3360434405159;-7.3397;-0.4131;-6.1582;
3360444512920;-10.4181;0.0637;-6.5031;
3360454618232;-8.9686;0.6075;-6.4241;
3360464725993;-7.0738;0.6362;-6.9751;
3360474833753;-9.2584;-0.4059;-6.2755;
3360484992191;-9.6945;0.6601;-1.5108;
3360495099951;-5.7682;0.0733;-3.1158;
3360505207711;-9.5100;-0.3820;-4.1363;
3360515314691;-9.2707;-0.5662;-2.7948;
3360525422451;-11.6204;-0.1184;-5.2983;
3360535530211;-7.6104;-1.4049;-2.2295;
3360545601982;-9.6132;-0.7627;-2.9985;
3360555709743;-7.5290;-1.5580;-4.5867;
3360565817503;-9.3209;-1.3974;-3.7675;
3360575948961;-8.9806;-0.4131;-4.0143;
3360586056722;-6.7840;-0.4920;-7.3487;
3360596164482;-11.3330;-2.0946;-5.9474;
3360606279170;-6.9733;-1.8263;-3.9664;
3360616386930;-7.7877;-1.7737;-7.0110;
3360626494691;-12.3177;-2.4491;-2.6130;
3360636610628;-7.7447;-1.5413;0.2617;
3360646718389;-8.2765;-1.6035;-2.6776;
3360656826149;-9.1053;-2.3533;-3.7579;
3360666936774;-7.9098;-1.3567;-5.3605;
3360677044534;-11.6877;-1.3831;-8.5298;
3360687152295;-11.3282;-1.5365;-4.6298;
3360697256149;-8.7437;-2.2023;-3.5973;
3360707363909;-11.5869;-2.3821;-2.7398;
3360717471670;-6.8824;-1.8239;2.8011;
3360727588753;-6.3529;-1.3256;-2.3061;
3360737696514;-11.7715;-2.3773;-5.0563;
3360747804274;-12.8136;-0.0631;-3.7603;
3360757932868;-6.7122;0.6410;-3.4561;
3360768040628;-7.3469;-0.4944;-5.6934;
3360778148389;-11.1269;-0.6120;-5.1401;
3360788236409;-8.3124;-0.1807;-3.2955;
3360798344170;-7.7925;-1.8048;-3.0129;
3360808451930;-9.0168;-0.2524;-3.5399;
3360818585524;-8.2334;0.1666;-2.9459;
3360828693284;-9.3257;0.0087;-5.3486;
3360838801045;-8.6955;0.3679;-3.4418;
3360848898024;-7.6992;0.1187;-2.6034;
3360859005784;-8.5041;0.2674;-4.9579;
3360869113545;-8.7147;0.6697;-4.8072;
3360879232607;-11.8887;0.6649;-5.0970;
3360889340368;-10.3439;1.1608;-1.6546;
3360899448128;-5.9719;1.3669;-0.5886;
3360909565628;-7.7518;-0.3437;-4.8550;
3360919673389;-10.4324;0.3488;-4.4596;
3360929781149;-10.9857;0.7295;-1.8559;
3360939890889;-8.2645;0.7753;-3.6069;
3360949998649;-8.9255;-0.0802;-3.4992;
3360960106409;-8.9542;0.2722;-3.1639;
3360970194274;-8.4224;0.7633;-4.0238;
3360980302034;-11.1126;0.1211;-5.4706;
3360990409795;-9.9174;0.5979;-3.1711;
3361000545732;-12.3009;-0.2500;-2.5648;
3361010653493;-18.6395;0.6769;-1.2568;
3361020761253;-9.9724;-0.1424;4.6071;
3361030888024;4.8126;0.0996;-1.5541;
3361040995732;-0.4310;-1.7809;-9.2411;
3361051103493;-15.4487;1.1201;-10.7192;
3361061197503;-16.8308;2.9743;-4.0813;
3361071305264;-6.3338;-0.6024;-3.0296;
3361081413024;-6.9733;-2.0300;-4.4070;
3361091526670;-8.1805;-1.5700;-3.6308;
3361101634430;-10.1976;-1.6346;-2.0139;
3361111742191;-8.0800;-0.9688;-2.0593;
3361121855055;-7.9890;-1.8215;-5.2717;
3361131964274;-11.7236;-1.4934;-5.9450;
3361142073441;-8.9853;-0.9162;-3.6356;
3361152182086;-7.0690;0.1355;-4.8503;
3361162291305;-9.8982;-0.4657;-5.4921;
3361172400472;-9.9485;0.5644;-4.1578;
3361182500732;-6.5372;0.3511;-2.1482;
3361192609951;-8.6931;0.8351;-3.4298;
3361202719118;-8.9064;1.3645;-5.4658;
3361212840107;-9.7663;0.6434;-6.6948;
3361222949274;-10.8491;-0.4155;-4.6992;
3361233058493;-8.7604;-2.1329;-2.3542;
3361243220993;-7.5888;-3.1487;-2.6345;
3361253330211;-11.0360;-3.5270;-5.1233;
3361263439378;-7.7901;-3.0601;-4.5891;
3361273505316;-10.3606;-1.0406;-10.4079;
3361283614534;-16.3875;-0.9257;-7.0995;
3361293723701;-7.3875;-4.4207;12.3063;
3361303859378;1.6409;-4.8903;10.3684;
3361313968597;-9.3162;-1.9388;-9.7202;
3361324077764;-16.9648;-1.8431;-15.7089;
3361334150628;-16.8069;-0.8417;-4.5963;
3361344259847;-4.8317;0.2698;4.5185;
3361354369014;-1.0971;-1.5126;-5.4203;
3361364479639;-14.1933;-3.6661;-6.6060;
3361374588857;-12.7633;-1.8718;1.0499;
3361384698024;-5.7299;-0.3413;-3.4753;
3361394805055;-10.1258;-1.0334;-7.3271;
3361404914274;-11.0910;0.5644;-4.4596;
3361415023441;-8.4583;2.7084;-3.0559;
3361425151201;-5.7562;1.4171;-4.7785;
3361435260420;-7.7518;0.3224;-4.6370;
3361445369586;-10.3125;1.8532;-4.5006;
3361455463389;-11.2660;1.7046;-4.9244;
3361465572607;-9.0694;1.3669;-2.8956;
3361475681774;-8.8274;1.7931;-3.0440;
3361485807972;-10.0708;0.6673;-1.4605;
3361495917191;-8.1876;0.0876;-3.2716;
3361506026357;-9.3975;0.3583;-5.7389;
3361516140055;-6.4271;-0.3123;-4.0549;
3361526249274;-9.0694;0.8207;-5.0539;
3361536358441;-9.9772;0.6170;-5.0180;
3361546465316;-8.5519;1.1010;-2.5672;
3361556574534;-7.9675;0.1403;-3.9664;
3361566683701;-9.8695;-0.8946;-7.6433;
3361576792711;-8.6237;-0.4753;-3.5542;
3361586901930;-8.0441;-0.6837;-4.8168;
3361597011097;-11.1631;-1.5150;-5.8373;
3361607119795;-10.5425;-1.3902;-4.4070;
3361617228961;-9.3114;-1.4575;-2.6297;
3361627338180;-7.9026;-2.6073;-1.7743;
3361637457816;-8.6955;-2.4132;-3.2955;
3361647567034;-11.6635;-2.6934;-4.2730;
3361657676201;-10.1115;-2.0180;-2.4021;
3361667782086;-8.0345;-3.2348;-3.8058;
3361677891305;-8.5472;-1.5772;-3.3505;
3361688000472;-11.7428;-1.8455;-4.1219;
3361698114639;-10.1617;-2.4924;-4.5676;
3361708223857;-6.5587;-1.7976;-3.0655;
3361718332972;-6.7098;-1.5413;-3.6069;
3361728431357;-9.7376;-1.2108;-5.2887;
3361738540576;-10.6313;0.1140;-3.1472;
3361748649743;-8.7003;0.7370;-1.5374;
3361758768961;-9.2345;0.6338;-0.8689;
3361768878180;-8.4200;-0.0200;-3.0320;
3361778987347;-8.4873;1.0579;-2.5146;
3361789153024;-11.0743;-0.1639;-3.3697;
3361799262243;-11.2421;0.2722;-4.3687;
3361809371357;-8.2406;0.8614;-2.1817;
3361819422972;-4.5969;0.5907;-1.2233;
3361829532191;-7.5194;-0.3843;-3.1086;
3361839641409;-8.8322;0.9117;-5.0468;
3361849735420;-10.2670;0.7968;-4.8383;
3361859844639;-9.3138;0.1259;-3.1831;
3361869953805;-10.7462;-0.0033;-3.5710;
3361880075055;-10.6289;-0.0849;-3.3793;
3361890184274;-10.3726;-0.0009;-1.3935;
3361900293441;-10.8419;0.1714;-2.9052;
3361910398753;-9.5677;1.3358;-0.5910;
3361920507920;-8.8155;1.0002;-3.5758;
3361930617139;-11.3785;1.1393;-5.2047;
3361940727399;-9.7639;2.1168;-2.9530;
3361950836618;-9.5773;2.4592;-3.8752;
3361960945784;-8.3363;2.3659;-2.7015;
3361971077816;-7.8500;2.4855;-4.0454;
3361981187034;-5.7682;2.1383;-3.9278;
3361991296201;-8.8346;2.1479;-5.4706;
3362001401149;-10.4611;1.8867;-6.5198;
3362011510368;-9.5725;2.0976;-2.4069;
3362021619482;-6.1708;1.4770;-3.3673;
3362031676149;-12.2100;0.3846;-3.9568;
3362041785368;-7.7064;1.0484;-3.0990;
3362051894534;-9.3568;1.4602;-2.3973;
3362062048024;-9.4143;0.5022;-2.3085;
3362072157243;-6.2761;1.0340;-3.7603;
3362082266409;-11.5654;0.8806;-5.4945;
3362092378128;-13.4148;0.5548;-3.0200;
3362102487347;-7.7925;0.9428;-5.0827;
3362112596514;-6.6811;-0.2572;-3.3099;
3362122711305;-11.3833;-1.0310;-2.3327;
3362132820889;-9.6538;-0.8034;-3.8728;
3362142930420;-7.9436;-1.2419;-3.7436;
3362153037711;-8.0058;-0.5877;-3.7890;
3362163147295;-9.3233;-0.5590;-5.6743;
3362173256826;-9.3736;-1.0454;-5.5522;
3362183354222;-7.0905;-1.0167;-4.9340;
3362193463805;-10.3029;-1.9244;-6.1510;
3362203573389;-10.7438;-1.9989;-1.5829;
3362213701566;-7.1025;-1.2395;-2.3423;
3362223811149;-8.4129;-1.5413;-3.3386;
3362233920732;-11.2038;-1.2826;-2.3566;
3362244026982;-7.8428;-1.4480;-2.1625;
3362254136514;-10.5497;-2.1162;-2.3734;
3362264246149;-10.0971;-3.2925;-1.0080;
3362274342086;-7.9265;-3.2925;-2.9506;
3362284451670;-10.2144;-3.7068;-5.6743;
3362294561253;-11.9246;-2.9282;-3.5830;
3362304690003;-8.9901;-1.9388;-3.5279;
3362314799586;-6.0679;-2.2385;-3.8058;
3362324909170;-6.9206;-1.5078;-5.5594;
3362335014430;-10.5257;-2.3079;-4.8957;
3362345124014;-10.3726;-1.9606;-3.2046;
3362355233597;-6.8175;-1.1653;-4.2179;
3362365351826;-8.7365;-1.5389;-4.6992;
3362375461409;-10.2096;-1.2826;-3.8991;
3362385570993;-10.1521;-0.1735;-1.6522;
3362395659014;-8.3363;0.2219;-1.7145;
3362405768597;-11.6973;-0.0368;-1.5613;
3362415878180;-10.7270;-0.0488;-1.6355;
3362425989743;-7.1985;1.2422;-3.4131;
3362436099326;-8.7724;0.9978;-4.4477;
3362446208909;-6.9374;1.1297;-4.9819;
3362456332399;-8.7820;2.4616;-6.1271;
3362466441982;-11.1631;2.5717;-5.3462;
3362476551514;-6.9206;1.6998;-3.8871;
3362486654847;-8.1039;0.8614;-6.6637;
3362496764430;-10.8371;1.0196;-5.4347;
3362506874014;-9.9150;0.9906;-2.2989;
3362516993597;-6.9278;0.3320;-2.7230;
3362527103180;-8.3937;0.3751;-3.9087;
3362537212764;-11.7500;0.6673;-2.6776;
3362547316201;-9.9532;1.4770;-0.6891;
3362557425784;-4.0555;0.3679;-1.7073;
3362567535368;-8.4802;-0.0272;-6.4672;
3362577648076;-12.2315;-0.0945;-6.1391;
3362587757659;-7.3540;-0.0296;-3.7699;
3362597867243;-8.5615;-0.8393;-4.6992;
3362607979951;-7.5338;-0.8321;-5.2887;
3362618089534;-7.4788;-0.7292;-6.2180;
3362628199118;-9.4406;-2.2385;-6.3476;
3362638302347;-11.1775;-1.0932;-4.8909;
3362648411930;-16.0666;-1.4695;-0.9646;
3362658521514;-20.4670;-1.0238;5.4506;
3362668652347;0.6900;0.1570;6.7777;
3362678761930;10.6552;-1.1124;-6.9033;
3362688871514;-14.2125;-3.5489;-15.4481;
3362698958284;-20.9845;-2.3270;-2.1482;
3362709067868;-11.7260;1.6041;-1.0726;
3362719177451;-4.4315;-1.8072;-8.3166;
3362729352711;-5.3228;-2.3821;-5.5427;
3362739462243;-10.7103;-1.7904;-1.7623;
3362749571826;-10.0490;-1.2443;-2.1960;
3362759608701;-8.2310;-1.2012;-3.6021;
3362769718336;-8.2837;-0.9975;-3.6957;
3362779827868;-12.0924;-1.0310;-1.9636;
3362789931305;-7.0307;-1.1797;-0.3658;
3362800040889;-6.2617;-1.2682;-2.2175;
3362810150472;-10.1210;-1.6756;-6.5773;
3362820270784;-12.1810;-0.9473;-6.2659;
3362830380368;-10.7127;0.7442;-1.9134;
3362840489951;-4.3454;0.0996;-1.5924;
3362850609118;-7.5003;-0.3003;-6.1558;
3362860718701;-16.2703;2.3345;-8.2711;
3362870828284;-7.1554;-2.6240;-7.6193;
3362880933284;-9.2489;-0.4394;-6.0120;
3362891042868;-5.6797;-0.2548;8.9336;
3362901152451;-2.0073;1.6639;6.3464;
3362911252920;-11.9222;-1.4503;-10.9708;
3362921362503;-18.0763;-0.1807;-11.7661;
3362931472086;-13.4339;1.6902;0.9182;
3362941585836;-2.5777;-0.4848;1.1456;
3362951695420;-3.1645;-1.4623;-6.1319;
3362961805003;-12.5955;-0.5853;-6.5653;
3362971918909;-12.9069;0.9523;-2.1003;
3362982028493;-8.2765;-0.8970;-3.1926;
3362992138076;-8.0417;-0.1304;-4.0190;
3363002249743;-9.4334;1.1656;-1.3863;
3363012359326;-10.1880;-0.1017;-3.7699;
3363022468909;-10.4396;1.3884;-3.0918;
3363032574639;-7.5338;1.0507;-0.9263;
3363042684222;-8.1063;-0.2907;-2.8211;
3363052793805;-10.1306;0.1116;-3.9135;
3363062901461;-9.2632;0.0805;-3.7316;
3363073011045;-6.8632;0.2001;-5.3031;
3363083120576;-9.4143;-0.8321;-6.0383;
3363093245680;-10.9762;1.1584;-3.4609;
3363103355264;-7.3205;0.5501;-0.6389;
3363113464847;-6.4654;-0.8584;-6.2013;
3363123559170;-15.3455;-0.8608;-8.2543;
3363133668701;-9.4741;-0.0583;-1.4868;
3363143778284;-2.9154;-0.5327;-1.4079;
3363153874899;-10.0851;-1.7785;-2.8717;
3363163984482;-13.5730;-0.6455;-3.2859;
3363174094066;-8.4105;0.6362;-2.3471;
3363184246670;-5.8211;-0.5590;-3.8249;
3363194356201;-9.6251;-1.2754;-7.7656;
3363204465784;-17.0824;-0.6550;-6.6733;
3363214566409;-8.1039;-0.3461;0.1947;
3363224675993;3.0544;-1.8407;-3.8249;
3363234785576;-10.4707;-0.8082;-10.3935;
3363244865264;-17.7721;-0.6574;-3.7914;
3363254974847;-6.2163;-0.9664;3.7950;
3363265084430;-4.7695;-1.7833;-6.8767;
3363275193701;-12.2100;-1.1438;-7.4037;
3363285303284;-11.2182;-0.4298;3.5315;
3363295412868;-7.2512;-1.4934;-0.9000;
3363305537555;-6.7959;-1.5724;-9.6724;
3363315647139;-9.0694;-0.5351;-8.1033;
3363325756722;-10.2383;-0.8874;-0.5097;
3363335861097;-8.5304;-0.8130;-3.3362;
3363345970680;-9.8408;-0.1926;-5.5499;
3363356080264;-8.4033;-0.4274;-3.1950;
3363366182868;-10.3511;-0.2333;-1.3552;
3363376292451;-9.3042;0.8183;-2.7924;
3363386402034;-8.9447;0.5405;-1.5948;
3363396509534;-10.4133;0.1259;-1.7671;
3363406619118;-10.1043;0.0852;-3.5303;
3363416728701;-11.4458;0.0541;-3.0416;
3363426832139;-6.7265;-0.1759;-1.2667;
3363436941722;-8.7218;-0.7244;-4.7450;
3363447051305;-13.7883;0.4469;-3.0799;
3363457165055;-7.6681;0.8710;0.3383;
3363467274639;-5.7706;0.2148;-2.4021;
3363477384222;-9.0981;-0.8106;-4.8072;
3363487501826;-11.0169;-0.0057;-2.6273;
3363497611409;-11.0336;-0.0897;-3.7268;
3363507720993;-10.4420;-0.3075;-1.1348;
3363517827139;-8.8059;-0.1831;1.1480;
3363527936722;-13.1106;-0.2094;-1.4414;
3363538046305;-10.8251;0.9069;-1.6164;
3363548153909;-0.1989;0.0805;-2.2965;
3363558263493;-5.1885;-1.1148;-6.2444;
3363568373076;-11.6109;-2.1473;-8.3548;
3363578487659;-16.2392;-0.3003;-2.8642;
3363588597243;-7.2320;0.6075;2.6644;
3363598706826;-6.7720;0.2722;-4.3878;
3363608810264;-9.7208;-1.3878;-7.4160;
3363618919847;-8.4488;-1.4022;-1.8990;
3363629029430;-8.6022;-1.0406;-0.8593;
3363639146930;-9.8886;-0.6598;-4.5413;
3363649256514;-10.4037;-1.1557;-3.4107;
3363659366097;-10.4444;-1.0956;-1.9636;
3363669469951;-8.4057;-1.0430;-1.1850;
3363679579534;-9.7567;-0.5566;-1.2882;
3363689689118;-13.0074;-0.0655;1.7614;
3363699800472;-9.6036;-0.2596;-0.8498;
3363709910055;-9.5342;-1.0119;-2.5146;
3363720019639;-7.8619;-0.9042;-3.1783;
3363730148128;-7.3950;-0.5279;-3.3505;
3363740257659;-9.4765;0.1810;-3.5160;
3363750367243;-14.8783;1.0053;-1.5852;
3363760455159;-11.3617;0.9069;4.0729;
3363770564743;-5.1335;0.2148;0.8079;
3363780674326;-5.8068;0.3320;-4.2491;
3363790809743;-11.8457;-0.4226;-3.3147;
3363800919326;-12.4998;0.7128;-0.9407;
3363811028909;-8.9303;0.7920;-0.9239;
3363821112659;-10.0875;1.3310;-2.2367;
3363831222243;-8.9973;0.4950;-0.7923;
3363841331826;-8.0847;-0.2668;-2.2032;
3363851472034;-10.7797;-0.3843;-4.7833;
3363861581618;-12.9093;-1.3089;-2.6010;
3363871691201;-6.7313;-0.3242;-1.8990;
3363881769118;-6.0437;-2.5187;-1.3576;
3363891878701;-8.7051;-0.2644;-3.5566;
3363901988284;-9.6802;-1.1339;-4.3735;
3363912099222;-10.6433;-1.0980;-5.4012;
3363922208805;-11.1942;0.3176;-5.5905;
3363932318389;-8.4730;-0.6215;-1.5709;
3363942420836;-7.9050;0.3464;-0.8426;
3363952530420;-11.5295;-0.2644;0.2928;
3363962640003;-6.0389;0.0709;-0.7445;
3363972751618;-6.8704;-0.5255;-4.0143;
3363982861201;-13.5586;-0.2979;-6.1176;
3363992970836;-10.6289;-1.3017;-5.3031;
3364003122086;-6.8127;-1.2203;-3.6523;
3364013231618;-10.2909;-2.0755;-3.1615;
3364023341201;-12.4134;-1.4982;-3.4848;
3364033396826;-7.4357;0.1738;-2.6536;
3364043506409;-11.0551;-1.9463;-1.6522;
3364053615993;-8.5400;-1.7641;-1.4509;
3364063770836;-4.4868;-0.1998;-2.0740;
3364073880368;-6.2210;-1.4288;-3.6045;
3364083990003;-10.9714;-1.2060;-7.3917;
3364094078545;-10.7175;-0.0248;-7.1716;
3364104188076;-9.3855;-0.1998;-0.6796;
3364114297659;-7.9074;-1.0382;1.3421;
3364124391357;-11.4817;-0.9377;-2.6058;
3364134500836;-12.8160;-0.3772;-2.3013;
3364144610264;-8.8250;0.3081;-0.1071;
3364154726149;-9.9796;-0.2237;-1.8368;
3364164835628;-9.4238;-0.5925;-1.9134;
3364174945055;-8.3554;-0.8177;-0.9984;
3364185077191;-10.8972;0.2052;-2.0617;
3364195186670;-11.5654;-0.2333;-1.4462;
3364205296097;-7.2703;-0.3051;-3.0607;
3364215387139;-9.5964;-0.5590;-5.0611;
3364225496618;-8.7003;0.1786;-3.5136;
3364235606045;-7.7375;-0.2740;-3.1783;
3364245715003;-12.8423;-0.2788;-3.2692;
3364255824430;-7.4189;-0.5518;-1.8081;
3364265933909;-7.6511;-0.8970;-5.9426;
3364276042399;-13.6878;-0.5782;-5.0133;
3364286151826;-8.0201;0.5572;3.7950;
3364296261305;-5.8116;0.5213;2.3961;
3364306376305;-8.8968;-0.5064;-4.2108;
3364316485784;-11.0336;-0.5806;-6.0742;
3364326595211;-12.0350;1.7740;-2.0186;
3364336715784;-8.6931;1.1871;-1.1779;
3364346825316;-4.8867;-1.0047;-3.8154;
3364356934743;-9.3712;-2.0372;-7.0828;
3364367033336;-11.9390;0.0398;-6.7379;
3364377142764;-4.4411;0.3488;-4.1554;
3364387252243;-12.6027;0.1044;-6.8937;
3364397364586;-10.3005;0.4397;-1.3098;
3364407474118;-9.0814;0.5596;0.0389;
3364417583545;-8.1422;0.3942;-4.1243;
3364427690055;-11.5534;-0.5016;-4.3232;
3364437799482;-11.2158;0.1905;-1.0917;
3364447908961;-6.9829;0.2746;-0.8498;
3364458040211;-8.5878;0.0159;-3.0105;
3364468149639;-9.2994;-0.3485;-5.3414;
3364478259118;-8.1876;-0.1065;-6.7857;
3364488354951;-10.5520;0.6434;-4.7474;
3364498464482;-9.1651;0.4926;-3.0990;
3364508573909;-7.7064;-0.2500;-3.7268;
3364518685784;-7.6439;0.0565;-4.3256;
3364528795316;-11.5702;0.0589;-4.1339;
3364538904691;-11.0192;-1.0119;-1.4892;
3364549010368;-7.3540;-0.4035;-1.1898;
3364559119847;-5.6509;-0.9257;-5.6360;
3364569229274;-10.4037;0.4373;-7.1572;
3364579330628;-12.0470;-0.5303;-2.5409;
3364589440107;-11.4099;-1.0884;-2.2128;
3364599549482;-8.9399;-1.0478;-0.6843;
3364609670941;-8.6405;-1.2706;-2.8693;
3364619780368;-8.2669;-0.7627;-3.8082;
3364629889847;-8.1182;-1.3496;-5.7939;
3364639994378;-9.9197;-0.5231;-6.0670;
3364650103857;-7.7279;-0.2644;-3.2524;
3364660213232;-7.0451;-0.6694;-4.5628;
3364670323336;-9.1890;-1.3854;-5.4802;
3364680432816;-13.1369;-0.3580;-4.4046;
3364690542295;-9.1962;0.3631;0.4343;
3364700655680;-6.9182;-1.4312;-1.0750;
3364710765211;-11.7165;-1.1988;-2.9889;
3364720874586;-9.0144;-0.2716;-0.4570;
3364730999274;-6.7648;-0.5136;-4.3807;
3364741108701;-10.9905;0.0589;-5.4060;
3364751218128;-8.9112;0.4807;-2.3252;
3364761308232;-7.6825;-0.2094;-5.0468;
3364771417711;-10.6528;-0.4250;-5.2238;
3364781527139;-10.9355;1.0962;-2.9985;
3364791641618;-6.9446;0.2339;-1.3409;
3364801751097;-7.8308;-0.6861;-3.9975;
3364811860576;-11.0886;-0.2237;-5.2816;
3364821973336;-10.7653;-0.0320;-4.0884;
3364832082816;-9.5773;-0.5949;-0.2773;
3364842192295;-8.6931;-0.2261;-0.6700;
3364852298284;-10.5066;0.3727;-1.2066;
3364862407816;-8.2717;0.5620;-1.6810;
3364872517243;-9.4023;0.9571;-2.3806;
3364882613961;-9.4621;0.4205;-4.0095;
3364892723441;-8.7748;0.4735;-4.7952;
3364902832868;-9.9891;0.7295;-4.7231;
3364912942347;-8.7532;-0.0081;-3.2788;
3364923051878;-11.4099;-0.6885;-3.1376;
3364933161253;-5.7347;0.0182;-4.0693;
3364943282139;-5.6892;-0.5423;-4.9436;
3364953391618;-10.7533;-0.0849;-3.4346;
3364963501097;-9.9580;-0.0754;-3.4561;
3364973661097;-7.8332;-0.9377;-5.2816;
3364983770472;-9.6826;-0.2883;-2.8187;
3364993879951;-8.8920;-0.7603;-3.0416;
3365003934378;-9.5533;-1.2945;-4.3878;
3365014043805;-11.0551;-0.5231;-2.4739;
3365024153284;-8.6572;0.0015;-1.3098;
3365034307451;-7.5099;-1.7976;-4.5126;
3365044416878;-10.3654;-0.5710;-4.7450;
3365054526357;-8.5304;-0.8417;-3.8130;
3365064587711;-11.0527;-0.3461;-6.3787;
3365074697191;-12.0326;0.0182;-1.9516;
3365084806618;-4.6591;-0.9688;-0.9885;
3365094927086;-9.1699;-1.8120;-6.4600;
3365105036566;-11.4290;-1.0262;-3.2022;
3365115146045;-7.3851;-0.0416;-1.7097;
3365125252711;-6.1421;-1.1028;-5.4275;
3365135362399;-13.7740;-0.8034;-6.9894;
3365145472034;-13.5392;-0.3242;-2.0067;
3365155582764;-4.1680;-0.6670;0.3649;
3365165692451;-7.2009;-1.1390;-3.1998;
3365175802086;-11.7811;-1.4022;-3.9039;
3365185912920;-11.1966;-0.9473;-2.1218;
3365196022607;-7.1746;0.8303;-1.7767;
3365206132243;-6.0126;-0.4083;-6.5007;
3365216246670;-12.8231;-0.7053;-6.9942;
3365226356305;-10.3391;1.0101;-1.3863;
3365236465941;-5.4903;0.3009;-2.7613;
3365246572347;-9.9150;-0.7962;-6.0479;
3365256682034;-7.0570;0.9380;-3.2022;
3365266791670;-6.7600;0.6218;-4.1865;
3365276897503;-10.0923;-0.6526;-5.6767;
3365287007191;-11.3067;-0.2596;-3.3123;
3365297116826;-6.9278;1.8820;-2.1147;
3365307234222;-10.0561;-0.6024;-4.4237;
3365317343857;-8.5232;-0.9832;-3.1014;
3365327453493;-9.4789;0.4253;-2.2128;
3365337562086;-9.2707;0.4493;-1.5805;
3365347671722;-9.2898;-0.4777;-5.9880;
3365357781357;-13.0579;-0.6287;-6.4074;
3365367884430;-9.5821;0.9069;-0.0114;
3365377994118;-6.7696;0.0422;0.4271;
3365388103753;-7.6968;-2.1353;-6.3353;
3365398215420;-12.0948;-1.5580;-8.4314;
3365408325107;-7.9531;0.8016;-2.7015;
3365418434743;-9.7950;-0.2405;-1.6068;
3365428547920;-7.7088;-0.3652;-1.6116;
3365438657555;-5.3300;-1.0908;-5.1664;
3365448767191;-11.1942;-0.8345;-5.2382;
3365458874795;-10.6098;0.5046;-1.1611;
3365468984430;-19.2096;0.3248;0.6284;
3365479094066;-13.9753;-0.0272;1.9241;
3365489239378;13.0986;-1.9798;-1.0247;
3365499349014;2.3668;-3.9679;-18.0709;
3365509458649;-16.6439;-0.2237;-13.9101;
3365519529170;-19.4755;1.4841;1.5290;
3365529638857;-15.1370;2.3850;0.7385;
3365539748545;-5.1550;-0.6215;2.3530;
3365549866045;-7.6777;-2.4829;-0.5767;
3365559975680;-9.2513;-2.6910;-6.8985;
3365570085316;-10.3125;-1.2969;-5.7078;
3365580190159;-9.8886;0.2291;-1.5494;
3365590299847;-9.7017;-0.3338;-1.4414;
3365600409482;-10.4659;-0.1974;-4.1746;
3365610533076;-8.4392;-0.3939;-2.6608;
3365620642659;-11.4936;-0.8994;-4.1602;
3365630752347;-9.5028;-0.5925;0.1421;
3365640845264;-2.6136;0.2578;-0.8976;
3365650954951;-7.9388;0.0876;-8.2639;
3365661064586;-11.8481;0.6147;-8.4601;
3365671185889;-10.3774;1.0316;-11.5026;
3365681295524;-18.9389;0.7537;-8.9106;
3365691405159;-11.7811;2.6844;18.7549;
3365701516461;8.6815;3.1178;20.8750;
3365711626097;-5.6797;-1.3711;-16.0134;
3365721735732;-20.6803;-5.8196;-28.7190;
3365731834534;-9.6682;-2.3725;-1.0032;
3365741944222;-4.8054;6.3879;4.4037;
3365752053857;-10.3822;4.3708;-7.5260;
3365762165003;-13.1584;-2.8684;-4.6059;
3365772274639;-9.4884;-1.1509;2.9064;
3365782384274;-5.8834;1.0172;-1.2401;
3365792487451;-8.8561;-0.9760;-8.7356;
3365802597139;-11.9031;-1.1028;-2.1553;
3365812706774;-5.8810;1.1728;2.5711;
3365822814066;-8.8418;0.1786;-9.8521;
3365832923701;-16.1169;-1.6681;-6.0718;
3365843033389;-6.9182;1.6950;3.7902;
3365853209170;-5.1215;0.2865;-5.4012;
3365863318805;-11.0791;-1.4169;-10.7671;
3365873428493;-8.9901;-1.8311;-1.1683;
3365883463701;-9.6706;0.0159;-2.9219;
3365893573441;-12.8877;-2.0228;-2.9363;
3365903683024;-5.6629;0.7032;-1.6522;
3365913878441;-5.5887;-0.0248;-7.6843;
3365923988076;-14.0184;0.8207;-5.2023;
3365934097816;-4.4435;0.3751;4.1186;
3365944144951;-5.4855;-0.5997;-5.9067;
3365954254586;-13.7524;-0.4896;-9.2100;
3365964364222;-11.0862;0.0852;0.1253;
3365974453909;-5.3755;-0.3365;-3.1400;
3365984563597;-10.0394;-0.2572;-5.6360;
3365994673232;-9.8862;-0.7436;-0.4714;
3366004808128;-9.7974;-0.2213;-1.8751;
3366014917764;-10.7725;-0.1400;-2.4547;
3366025027399;-6.9757;-0.4920;-2.6465;
3366035116670;-11.4410;-0.7388;-3.8800;
3366045226305;-12.0781;0.2291;-1.3146;
3366055335941;-8.5448;-0.2524;-1.1372;
3366065454118;-8.0130;-0.4537;-2.9195;
3366075563805;-7.1842;-0.1184;-3.3003;
3366085673441;-9.5533;-0.2094;-3.3434;
3366095784586;-11.9560;-0.0416;-3.9712;
3366105894222;-9.5195;-0.4107;-1.6714;
3366116003857;-8.4634;-0.2572;-1.6211;
3366126108180;-10.9953;0.1570;-1.6834;
3366136217868;-5.7900;-0.4513;2.2765;
3366146327503;-6.4056;-0.7220;-2.2606;
3366156443180;-13.0196;0.3176;-7.3008;
3366166552868;-14.3489;0.1714;-1.9756;
3366176662503;-7.3684;0.6984;0.7433;
3366186767764;-4.8580;-0.6574;-4.1626;
3366196877451;-10.2694;-1.8144;-6.3377;
3366206987086;-13.0843;-0.9329;-1.3911;
3366217096722;-7.9890;-0.1280;-1.8607;
3366227206409;-6.2689;-0.7555;-3.3123;
3366237316045;-8.5711;-0.7029;-4.9173;
3366247426305;-15.3072;-0.6550;-3.6260;
3366257535993;-7.3926;-0.1424;-0.8976;
3366267645628;-6.5037;-0.4418;-3.0583;
3366277757555;-9.3138;-1.4862;-4.1650;
3366287867243;-11.0647;-1.1195;-2.2893;
3366297976878;-19.1638;0.2052;-0.1573;
3366308088336;-21.4397;0.4325;5.0097;
3366318197972;-0.7116;0.7657;5.7356;
3366328307607;14.1646;-1.6971;-12.3171;
3366338426670;-3.9550;-5.4003;-23.1135;
3366348536305;-15.1011;-4.5882;-7.9502;
3366358645941;-15.7361;-0.8034;4.8514;
3366368742139;-16.5051;3.7481;0.3191;
3366378851826;-10.5784;4.6367;-3.1687;
3366388961514;-4.8269;0.2889;1.5027;
3366399075732;-5.6773;-3.1774;-3.4753;
3366409185368;-8.0321;-3.0505;-10.5586;
3366419295003;-10.9738;-0.3939;-5.1999;
3366429411305;-10.9475;2.1574;1.6152;
3366439520941;-7.9603;2.1144;-0.9984;
3366449630576;-11.0839;0.3176;-4.8742;
3366459727243;-13.5515;-0.2309;-0.6748;
3366469836930;-5.6892;1.6017;3.1340;
3366479946566;-4.3334;-0.9951;-4.5054;
3366490083441;-11.9007;-2.0659;-10.7121;
3366500193076;-10.0756;-2.3414;-8.8244;
3366510302764;-12.9380;-4.8613;-9.3706;
3366520393753;-15.7146;2.2866;5.6515;
3366530503389;-0.3975;9.7893;22.9711;
3366540613024;-2.9130;6.2919;3.3640;
3366550723753;-17.3483;-3.0888;-18.5261;
3366560833389;-9.7926;-7.6355;-11.9001;
3366570943024;-3.3607;-2.1353;-4.2179;
3366581062139;-7.7614;2.0040;-3.1062;
3366591171774;-10.2981;1.5730;-1.7767;
3366601281409;-11.9991;1.5395;-0.5551;
3366611416774;-11.6300;-0.7196;2.3698;
3366621526409;-13.2879;0.4014;1.5936;
3366631636097;-9.6993;0.4807;0.6811;
3366641711253;-7.5936;-0.4011;0.3072;
3366651820889;-7.9531;-1.2036;-3.3553;
3366661930524;-10.1737;-0.1735;-4.0621;
3366672047139;-6.3072;0.4759;-2.2702;
3366682156774;-10.1569;-1.3974;-5.4849;
3366692266409;-12.8136;-0.7316;-3.7029;
3366702360784;-4.4124;0.2195;1.3684;
3366712470472;-8.2741;-0.1376;-5.7102;
3366722580159;-12.0661;-1.4815;-6.5270;
3366732688909;-10.6023;-0.1496;1.0762;
3366742798597;-8.4535;0.7968;0.2115;
3366752908232;-9.1962;-1.0095;-5.3749;
3366763020003;-11.3043;-1.5796;-4.6298;
3366773129639;-9.4167;-0.2453;-1.8464;
3366783239326;-2.8098;0.0661;-4.0597;
3366793351045;-9.6084;-2.3103;-2.1888;
3366803460680;-13.7309;0.5405;-1.5613;
3366813570368;-9.4262;1.9753;-5.0324;
3366823697347;-9.7974;-0.9185;-6.2922;
3366833806930;-7.4285;-0.7292;-5.2310;
3366843916566;-7.9388;-1.4862;-3.8369;
3366854026253;-11.7236;-1.0119;-3.4035;
3366864135889;-8.1159;-0.2979;-5.0109;
3366874245524;-8.7365;-1.8598;-3.3314;
3366884324639;-9.1220;-1.2347;0.0990;
3366894434326;-8.3195;-0.9544;-1.2520;
3366904543961;-10.6887;-2.0444;-4.8359;
3366914666409;-10.2814;-1.5987;-2.4523;
3366924776097;-4.9609;-1.4216;-3.8632;
3366934885732;-8.2956;-2.0324;-7.4085;
3366945011149;-9.4190;-2.0061;-6.4816;
3366955120784;-8.2143;-1.5221;-3.0153;
3366965230420;-7.1602;-0.6909;-4.4839;
3366975322659;-15.3431;-1.1581;-6.2874;
3366985432347;-8.9351;0.2243;4.4420;
3366995541982;-1.8876;-1.4958;5.7906;
3367005658857;-11.2134;-1.4121;-9.9814;
3367015768493;-17.4248;-1.3137;-7.6552;
3367025878128;-6.0775;-0.5207;4.6095;
3367035986722;-6.0365;0.3535;0.1732;
3367046096357;-11.3186;-2.0994;-7.5739;
3367056206045;-13.4124;-1.3161;-3.6093;
3367066316722;-7.0355;1.1871;3.7208;
3367076426357;-8.9782;1.0412;-1.8942;
3367086535993;-10.9618;0.6290;-5.2693;
3367096646045;-9.6156;0.2411;2.0441;
3367106755680;-6.7217;0.7466;-1.0439;
3367116865316;-11.6013;-0.1567;-7.2386;
3367126977295;-10.8012;0.0135;-1.4127;
3367137087034;-10.1067;0.9260;2.4559;
3367147196774;-14.0207;1.1536;-1.5972;
3367157304482;-8.4296;-0.7747;1.9651;
3367167414222;-3.7848;-0.8922;0.0966;
3367177523961;-9.5028;-0.7651;-6.8695;
3367187637607;-10.0011;-1.1916;-1.5589;
3367197747347;-8.1781;0.3200;0.1229;
3367207857086;-11.0240;-0.0464;-2.7589;
3367217963753;-11.3234;-0.9305;-2.7111;
3367228073493;-10.1593;-0.1974;0.3840;
3367238183232;-8.7027;-0.0969;0.1971;
3367248292086;-10.5305;-0.8441;-3.7292;
3367258401826;-12.5692;-0.5136;-0.8713;
3367268511566;-5.3468;0.3894;2.1733;
3367278634795;-5.8857;0.3440;-5.1879;
3367288744534;-13.1513;0.2148;-6.0359;
3367298854326;-10.9259;1.2685;2.0489;
3367308947920;-5.5983;1.9968;-1.6953;
3367319057659;-14.1550;0.5859;-7.3128;
3367329167451;-13.9729;1.9872;-1.7240;
3367339281774;-7.5314;2.4616;3.6849;
3367349391514;-5.9049;2.1574;-2.0306;
3367359501253;-11.8074;0.4807;-6.8985;
3367369597868;-9.4645;0.4110;-1.7862;
3367379707659;-8.8872;1.3956;-0.0688;
3367389817399;-7.5003;-0.0033;-1.3768;
3367399926305;-10.3367;0.2171;-2.5744;
3367410036097;-10.8972;0.2722;-1.0893;
3367420145836;-12.2913;0.5764;-1.8990;
3367430269066;-10.3558;0.3679;-1.1252;
3367440378805;-6.4582;-0.6885;-0.4041;
3367450488545;-8.3435;-0.2668;-4.4692;
3367460595628;-11.5271;-0.1735;-2.8860;
3367470705368;-6.1995;1.5105;-1.5326;
3367480815107;-5.6270;-1.8072;-3.4322;
3367490938857;-17.3004;-0.7914;-5.9354;
3367501048597;-12.4325;0.9260;-0.3156;
3367511158389;-5.8546;-0.0392;2.8155;
3367521257086;-2.7739;-1.9077;-1.9062;
3367531366826;-11.2612;-0.8755;-5.6480;
3367541476566;-14.6076;-1.3543;-2.0812;
3367551578649;-19.8347;-1.4551;1.1408;
3367561688389;-13.7094;0.3894;0.5109;
3367571798128;10.4468;-2.4948;-0.3873;
3367581910836;2.7861;-3.5103;-8.0650;
3367592020576;-20.1365;-1.4743;-9.6150;
3367602130316;-17.4799;-2.8612;0.6308;
3367612254899;-8.0728;-1.6875;-1.2329;
3367622364639;-8.2860;0.5907;-6.1319;
3367632474378;-7.6633;0.8399;-0.2055;
3367642557451;-8.5352;-0.9162;1.8523;
3367652667243;-10.8733;-0.2333;-1.6834;
3367662776982;-9.0622;0.2171;-4.5126;
3367672888805;-11.5726;-0.6407;-1.9349;
3367682998545;-10.2455;-0.9066;-1.0989;
3367693108336;-9.9509;0.0876;-3.7436;
3367703215003;-13.2565;1.3023;0.3482;
3367713324743;-3.7466;0.5166;2.0201;
3367723434482;-6.2067;0.1905;-3.8225;
3367733554222;-14.8711;-0.4777;-5.1832;
3367743664014;-9.8312;-0.7579;-1.4151;
3367753773805;-7.7495;-0.5016;-1.1898;
3367763880784;-7.7686;-2.2504;-2.9818;
3367773990524;-7.1626;-0.4011;-6.0793;
3367784100316;-17.4775;-2.9019;-10.7001;
3367794231878;-16.6271;-0.6766;0.2210;
3367804341618;-0.0694;1.6567;16.5464;
3367814451409;-1.5978;-0.7771;5.7523;
3367824558441;-16.6654;1.6184;-8.0554;
3367834668180;-15.0030;0.2650;-3.7747;
3367844777920;-3.8495;-2.6862;-0.5288;
3367854862607;-5.8187;-1.9268;-5.4179;
3367864972399;-10.6385;-1.9149;-8.0794;
3367875082139;-12.5142;-3.6015;-4.7088;
3367885218649;-7.5721;-0.6814;-1.9301;
3367895328389;-6.6619;-0.4537;-3.8752;
3367905438128;-14.8448;-3.3667;-1.2643;
3367915525993;-10.7701;0.0039;2.3770;
3367925635784;-5.0904;0.0135;0.6858;
3367935745524;-10.3196;-1.0645;-1.5278;
3367945851826;-17.1924;-0.1184;0.3239;
3367955961618;-7.2679;0.3823;1.3158;
3367966071357;-0.7355;-1.2179;-2.5313;
3367976192920;-13.4674;-2.0061;-6.2587;
3367986302659;-14.8831;-0.9185;-4.3543;
3367996412399;-9.2656;-0.3389;-2.2726;
3368006512451;-5.0833;0.4301;-2.5792;
3368016622243;-7.7590;-1.1052;-3.1807;
3368026731982;-14.1598;-0.5997;-2.9315;
3368036869586;-7.4094;0.3488;-0.6891;
3368046979326;-3.4759;-1.5867;-3.1424;
3368057089066;-13.3813;-1.4432;-6.3377;
3368067175003;-15.5683;0.2028;-0.2916;
3368077284743;-7.2894;1.8102;4.3798;
3368087394482;-4.4172;0.2746;-1.9851;
3368097510628;-8.2765;-1.5006;-4.3950;
3368107620368;-14.4544;-0.0057;-4.7713;
3368117730107;-9.3664;0.0470;-1.7456;
3368127846670;-4.7046;-0.0344;-1.1420;
3368137956461;-10.2311;-0.5303;-6.0912;
3368148066201;-9.8121;0.2961;-5.9474;
3368158165003;-7.9193;-0.3556;-2.5050;
3368168274795;-10.8900;-0.4681;-3.2788;
3368178384534;-12.0374;-0.4083;-1.9229;
3368188486722;-8.8872;0.8877;-1.2329;
3368198596514;-7.5147;-0.2835;-1.4892;
3368208706253;-9.1555;-0.1472;-3.7268;
3368218828389;-9.0168;0.2961;-1.6570;
3368228938180;-9.3520;0.6888;-3.3601;
3368239047920;-7.6753;-0.9808;-6.3500;
3368249160055;-10.2885;-1.8503;-5.1185;
3368259269847;-12.5261;-0.0440;-1.2162;
3368269379639;-15.0317;0.0015;0.3072;
3368279475368;-20.9414;1.0699;4.1880;
3368289585107;3.0855;1.6065;5.0815;
3368299694899;10.4037;-3.1630;-9.1717;
3368309804691;-9.4741;-3.3165;-21.1828;
3368319923232;-19.9543;-2.1927;-6.1510;
3368330033024;-11.7595;0.7777;8.3850;
3368340142764;-7.0499;0.8207;-2.6465;
3368350247086;-9.3951;-0.4609;-9.8112;
3368360356878;-8.9542;-0.8707;-1.5350;
3368370466618;-9.4047;-0.6981;1.5410;
3368380577295;-10.8538;-0.6933;-0.0377;
3368390687034;-10.5449;-0.2907;-3.8489;
3368400796826;-11.3569;-0.5088;-2.5481;
3368410920524;-5.4544;-1.1486;-0.2964;
3368421030316;-8.2741;-0.4226;-3.3386;
3368431140107;-10.6959;-0.3508;-4.3113;
3368441237920;-9.1412;-0.0057;-2.2295;
3368451347659;-10.0780;-0.1902;-1.9110;
3368461457451;-10.5808;1.0627;-1.2595;
3368471565628;-6.6476;1.1728;-1.7097;
3368481675420;-8.3219;-0.2788;-3.8273;
3368491785159;-11.4506;-0.6287;-1.4749;
3368501896461;-11.6204;0.6027;-2.5002;
3368512006253;-10.5018;0.4516;-4.9914;
3368522116045;-10.9786;-0.5064;-6.8073;
3368532184691;-16.3158;0.8662;2.4416;
3368542294482;-7.2966;1.9729;19.3107;
3368552404274;2.5561;1.4818;13.9472;
3368562543701;-7.3998;-0.0296;-10.4725;
3368572653493;-19.3747;-1.1414;-15.7065;
3368582763284;-15.1514;-0.7747;-1.0199;
3368592875941;-6.2306;-0.2979;2.8322;
3368602985732;-5.5863;-1.4695;-4.9795;
3368613095524;-10.8108;-2.9856;-3.9784;
3368623199899;-11.8768;-1.4791;-2.2152;
3368633309691;-9.6132;-1.2036;-3.0464;
3368643419430;-10.9929;-1.8263;0.1851;
3368653543545;-8.4177;-0.8922;1.9531;
3368663653336;-9.1484;-0.5231;-2.2152;
3368673763128;-14.8639;-0.2620;-0.5527;
3368683858701;-6.6643;-0.3027;2.8609;
3368693968493;-5.9432;-0.6981;-3.5327;
3368704078232;-8.8466;-0.8273;-6.9488;
3368714220524;-7.3229;-1.5269;-5.6360;
3368724330316;-7.6199;-0.4920;-5.3462;
3368734440055;-11.3067;0.0589;-6.3619;
3368744510368;-10.0155;0.5548;-4.7160;
3368754620159;-9.0191;-0.6814;-3.7651;
3368764729951;-8.2286;-0.6598;-3.6957;
3368774852139;-8.6836;-0.9185;-1.4773;
3368784961930;-11.4266;-0.2572;-0.4448;
3368795071670;-9.7902;0.5644;-1.2233;
3368805202191;-8.4320;0.2052;-2.3662;
3368815311982;-10.3869;-0.3772;-4.0956;
3368825421774;-11.2564;0.5381;-3.4202;
3368835513545;-7.4692;1.1273;-2.5768;
3368845623336;-7.4596;-0.1687;-5.3509;
3368855733128;-12.3248;-0.0826;-6.5844;
3368865839795;-12.5309;1.3286;-3.4274;
3368875949586;-6.6212;0.8255;-2.4523;
3368886059326;-4.9107;-0.3075;-4.7880;
3368896179066;-12.1690;-0.7699;-4.5532;
3368906288857;-10.0490;-1.0406;-1.7791;
3368916398597;-7.8165;-0.9927;-2.6608;
3368926500524;-11.6782;-1.2347;-5.1855;
3368936610316;-10.4874;-1.0406;-1.8751;
3368946720055;-9.8743;-0.3628;-1.4438;
3368956832295;-10.0923;0.6912;-0.7804;
3368966942086;-7.4668;-0.9114;1.6654;
3368977051826;-6.5061;-0.0488;-1.4988;
3368987163389;-8.4081;0.0182;-6.6206;
3368997273180;-9.5267;0.1307;-8.2184;
3369007382920;-10.6696;0.2195;-5.8373;
3369017506357;-11.7236;-0.5590;-3.0846;
3369027616149;-8.6070;-1.2251;-2.7685;
3369037725941;-7.6463;-1.2491;-3.3338;
3369047825836;-10.4228;-1.0214;-2.9865;
3369057935576;-9.7113;-0.4418;-3.8297;
3369068045368;-8.8274;-0.7771;-2.9578;
3369078148805;-7.9170;-1.2706;-1.7575;
3369088258597;-7.4812;-1.8144;-1.5227;
3369098368336;-10.7510;-1.2012;-4.8168;
3369108477816;-12.1164;-1.5461;-4.6705;
3369118587607;-8.5280;-1.4815;-2.9698;
3369128697347;-7.8523;-1.8407;-5.8971;
3369138810524;-12.4469;-2.6288;-3.9712;
3369148920159;-9.0048;-2.8516;2.6213;
3369159029847;-5.8977;-2.2911;-1.8033;
3369169132139;-10.0585;-1.8574;-7.7441;
3369179241826;-9.8169;-1.5461;-5.3031;
3369189351514;-9.7950;-1.6585;-2.0740;
3369199463857;-8.6548;-0.5686;-2.4547;
3369209573493;-8.8585;-0.5925;-2.4835;
3369219683180;-9.2731;-0.3724;-4.1746;
3369229795420;-8.1661;-0.8369;-2.6943;
3369239905055;-8.5376;-1.1725;-4.3376;
3369250014743;-10.8876;-0.9449;-3.5207;
3369260112868;-7.1363;-0.4585;-2.8669;
3369270222555;-10.7462;0.1259;-5.2406;
3369280332243;-12.9739;0.7848;-1.4103;
3369290482503;-7.9388;0.8375;3.3879;
3369300592139;-5.3515;1.3884;-1.7073;
3369310701826;-11.4912;2.0183;-3.0368;
3369320777399;-13.2518;2.8759;0.5539;
3369330887034;-8.9782;3.0006;-1.1515;
3369340996722;-7.9866;3.9565;-3.4346;
3369351108857;-13.2111;2.8543;-0.4570;
3369361218493;-12.6075;3.7576;1.4237;
3369371328180;-6.5228;2.7203;-0.1454;
3369381441357;-8.6620;1.3813;-0.8186;
3369391550993;-11.3498;1.6783;0.5850;
3369401660680;-9.6108;1.8867;-0.3371;
3369411756514;-8.4897;0.4397;-1.2138;
3369421866201;-12.5070;0.4158;-0.3132;
3369431975889;-8.8513;1.0866;-0.2198;
3369442093389;-6.9326;-0.3365;0.0269;
3369452203024;-9.2731;-1.8311;-3.3386;
3369462312711;-14.0471;-2.1520;-1.6834;
3369472413909;-8.0513;-0.4298;0.6763;
3369482523597;-7.8476;-1.4958;-2.1601;
3369492633284;-13.1154;-1.4862;-3.9664;
3369502742243;-9.1795;-2.2959;0.3024;
3369512851930;-4.9923;-1.7474;-0.9622;
3369522961618;-10.3316;-2.0755;-4.1387;
3369533130211;-14.0710;-0.8874;-2.9602;
3369543239899;-9.4908;-0.5423;-0.6150;
3369553349534;-6.9565;-0.8970;-1.7791;
3369563404899;-10.9451;-1.3184;-2.5624;
3369573514586;-11.6372;-0.4394;-2.1649;
3369583624222;-10.3774;0.2722;-1.2858;
3369593738232;-6.7289;0.6625;-2.3566;
3369603847868;-9.4645;-0.0631;-3.7507;
3369613957555;-11.4864;1.6687;-3.2285;
3369624048232;-7.6056;1.0866;-3.1902;
3369634157868;-13.0149;0.0039;-4.4934;
3369644267555;-6.2067;0.7896;-1.4270;
3369654387086;-3.3703;-0.5853;-2.2726;
3369664496774;-6.1588;-1.4121;-6.0072;
3369674606461;-12.4014;-0.4992;-5.5328;
3369684728024;-14.8280;0.7128;-3.1253;
3369694837659;-6.9709;-0.3987;-0.9790;
3369704947347;-4.6567;-0.2046;-1.6570;
3369715071201;-11.9728;-1.0071;-1.7264;
3369725180836;-13.0436;0.7968;-0.4594;
3369735290524;-7.3493;-0.1639;1.0092;
3369745405524;-7.4213;-1.3041;-1.7791;
3369755515159;-11.0695;-0.8608;-3.7005;
3369765624847;-11.9465;-1.0693;-2.9148;
3369775717920;-9.3185;-0.8106;-1.8679;
3369785827555;-8.1589;-0.5423;-1.7360;
3369795937243;-9.5219;-0.2500;-2.9172;
3369806056149;-12.3751;-0.0200;-3.0248;
3369816165784;-10.5497;-0.7914;-0.2677;
3369826275472;-3.6843;-0.3123;-2.0282;
3369836384274;-10.6074;-1.6442;-4.2754;
3369846493909;-12.6362;-0.4298;-3.5040;
3369856603597;-8.7341;-0.0682;-1.8535;
3369866712139;-8.3842;0.1522;-2.1697;
3369876821774;-9.9748;-0.5518;-2.3375;
3369886931461;-12.2267;-0.1543;-2.2750;
3369897039378;-8.2573;0.1092;0.4463;
3369907149014;-7.3445;1.1345;-1.9780;
3369917258701;-10.0804;-1.0525;-1.1037;
3369927376253;-11.5941;-0.3796;0.2210;
3369937485889;-8.8585;0.8566;-0.4666;
3369947595576;-8.8585;-0.0945;-2.8475;
3369957702711;-6.8943;0.0972;-3.1400;
3369967812347;-9.0407;-1.2036;-1.9660;
3369977922034;-11.3402;-0.0392;-3.4753;
3369988036149;-10.2718;-0.4920;-3.3362;
3369998145784;-4.6376;-0.7268;-3.1301;
3370008255472;-9.3257;-0.1137;-3.6117;
3370018369899;-17.5062;-0.5542;-1.8559;
3370028479534;-10.8682;2.1766;0.2713;
3370038589222;-4.9801;-0.1089;0.4606;
3370048679691;-8.7171;-1.1581;-1.5398;
3370058789326;-11.6300;-0.8010;-1.0080;
3370068899014;-8.0010;-1.7498;-1.4557;
3370079018545;-7.4094;-1.2778;-6.1391;
3370089128180;-10.4037;-1.3328;-4.5293;
3370099237868;-12.2842;-1.5389;-3.2070;
3370109340628;-7.4142;-1.4240;-3.1205;
3370119450264;-8.3770;-0.4202;-1.0223;
3370129559951;-11.1583;-0.5327;-0.3132;
3370139662034;-7.6391;-0.0248;-1.3792;
3370149771670;-6.6858;-0.1663;-2.2104;
3370159881305;-11.3880;-0.2907;-3.0799;
3370169998232;-11.9680;0.7343;-3.0966;
3370180107868;-9.5148;1.0002;-1.2114;
3370190217555;-6.9135;-0.1041;-0.4929;
3370200325264;-7.7016;-0.3027;-2.5481;
3370210434899;-10.7079;0.3655;-4.1722;
3370220544534;-11.6877;-0.3075;-4.0190;
3370230639534;-7.4213;0.0733;-2.0545;
3370240749170;-9.0814;-0.2764;-1.6618;
3370250858753;-11.1679;-0.3365;-2.0115;
3370260981722;-9.9963;-0.2309;-1.0654;
3370271091357;-8.2741;-0.6144;-0.5503;
3370281200993;-9.4884;0.1187;-1.9134;
3370291337347;-11.1365;-1.5150;-1.2209;
3370301446982;-11.0288;-0.3772;-2.1888;
3370311556618;-5.5887;-1.3998;-3.5758;
3370321644326;-12.1451;-1.2443;-2.8403;
3370331753961;-13.4961;-1.9316;-2.6536;
3370341863597;-6.6667;0.1546;-3.1711;
3370351970993;-10.0346;-1.3400;-0.5647;
3370362080628;-6.7720;-1.4432;1.0666;
3370372190264;-5.5143;-1.2826;-3.0894;
3370382304014;-9.2970;-2.7607;-3.5518;
3370392413649;-14.8881;-2.6982;-1.5326;
3370402523284;-9.6060;-1.4767;-0.4017;
3370412617243;-3.7609;-0.9425;-1.2401;
3370422726878;-6.7193;-1.6780;-4.2538;
3370432836514;-19.5688;-1.5317;-3.1062;
3370442951670;-10.9020;0.5285;2.8155;
3370453061305;-2.8699;1.2039;-0.8617;
3370463170889;-8.9016;-0.3676;-2.6249;
3370473281618;-12.5572;-0.8130;-2.2463;
3370483391253;-16.3804;1.5153;-2.6130;
3370493500889;-11.4410;1.6711;1.3971;
3370503666461;-4.5060;0.3727;0.6571;
3370513776097;-8.1326;-1.5724;-0.6102;
3370523885680;-4.7094;-2.4948;-2.6536;
3370533949066;-6.0365;-2.1305;-7.2793;
3370544058701;-13.0795;-1.6394;-6.4098;
3370554168336;-10.7031;-2.2624;-1.6403;
3370564309326;-8.8633;-2.2265;-0.6963;
3370574418961;-10.4324;-0.5016;-0.9287;
3370584528597;-10.4276;-1.0238;1.5242;
3370594601618;-14.0782;-0.9377;1.4381;
3370604711253;-14.3539;-0.0682;1.8739;
3370614820889;-4.7815;-0.0368;1.7925;
3370624925159;-12.1235;-0.7747;-0.7971;
3370635034795;-12.8590;-2.2863;0.8079;
3370645144430;-5.4832;-2.7078;-0.2677;
3370655269951;-9.0981;-3.0048;-6.5438;
3370665379586;-16.0522;-2.4347;-3.1400;
3370675489222;-5.5959;-2.9306;1.2535;
3370685585576;-6.9829;-1.4432;-3.1567;
3370695695211;-8.8250;-1.5580;-3.1086;
3370705804847;-12.3894;-1.8000;-3.2692;
3370715915784;-7.7231;-1.4169;0.5922;
3370726025420;-5.5241;-1.5891;-1.6044;
3370736135055;-11.1054;-1.1004;-3.0679;
3370746241618;-10.8419;-0.6383;-1.3385;
3370756351253;-8.3052;0.4397;-4.2084;
3370766460889;-10.7103;0.2961;-3.7603;
3370776582764;-9.5195;-0.1615;-0.7178;
3370786692399;-10.8323;0.4612;-1.4821;
3370796802034;-9.2441;1.7955;-1.6857;
3370806913180;-9.6873;0.2626;-2.9076;
3370817022816;-11.5630;1.2903;-3.3745;
3370827132451;-11.9127;0.8806;-1.9564;
3370837251097;-9.6323;1.5491;-0.1167;
3370847360732;-7.8523;0.0422;1.0211;
3370857470368;-7.6391;0.3176;3.6491;
3370867589639;-5.7443;-0.0655;-0.3730;
3370877699274;-8.3195;-0.8512;-4.3280;
3370887808909;-12.5979;-1.9487;-6.2563;
3370897898701;-11.4194;0.2052;-7.2888;
3370908008336;-5.2412;0.0829;-6.1582;
3370918117972;-7.9651;0.0661;-5.6480;
3370928236670;-11.8002;-0.1400;-3.5207;
3370938346305;-10.3077;-0.3123;-0.8402;
3370948455941;-11.5176;0.1522;-0.7516;
3370958571409;-11.5798;0.8590;0.2737;
3370968681045;-8.2095;-0.8755;2.2573;
3370978790680;-8.4969;-0.6479;0.8677;
3370988910211;-11.5893;-1.6322;-1.6283;
3370999019795;-11.6181;-1.7115;-3.3147;
3371009129430;-6.4080;-1.3783;-2.3085;
3371019199118;-6.6093;-2.1066;-6.0984;
3371029308805;-7.3612;-0.3556;-6.3667;
3371039418389;-12.0111;-1.9053;-3.2692;
3371049539743;-13.8437;-0.5447;-0.8737;
3371059649378;-8.1254;-0.4466;0.1780;
3371069759014;-7.9146;0.2698;-0.5216;
3371079872503;-14.4473;0.1140;0.5204;
3371089982139;-22.8266;1.0555;2.3219;
3371100091774;-13.1178;1.7812;5.2971;
3371110202451;4.1994;-1.7258;2.9614;
3371120312086;7.4070;-2.8923;-4.8144;
3371130421722;-8.5232;-1.2132;-15.3138;
3371140537711;-14.7084;-1.5365;-11.7541;
3371150647503;-16.2512;-3.7810;-1.4174;
3371160757295;-12.7223;-1.6155;0.0942;
3371170873753;-8.9662;0.3033;0.3263;
3371180983545;-7.1240;0.9021;0.5731;
3371191093336;-8.6572;0.6601;-0.2605;
3371201199899;-9.2922;0.4516;-0.3586;
3371211309691;-12.1044;0.4158;0.4271;
3371221419482;-15.6233;-0.3987;1.2679;
3371231522086;-7.7495;0.3464;0.3311;
3371241631878;-6.4726;-0.6048;-2.6369;
3371251741670;-14.1120;-0.9353;-1.6905;
3371261844639;-11.1440;-0.4753;-0.8330;
3371271954430;-5.8307;1.2903;-4.5221;
3371282064222;-10.5640;-0.8369;-3.7388;
3371292173649;-12.1953;-0.0511;-2.4595;
3371302283441;-6.9876;0.3440;-2.6034;
3371312393232;-6.6428;0.5859;-3.7699;
3371322500159;-8.2956;0.3296;-4.3615;
3371332609899;-12.9141;0.8925;-3.2692;
3371342719743;-9.7759;-0.3652;0.8127;
3371352822607;-6.4391;0.6482;-1.4198;
3371362932399;-10.1354;0.2578;-1.9421;
3371373042191;-11.1512;-0.9209;1.7351;
3371383218336;-9.0000;0.8495;-2.0306;
3371393328128;-10.4228;-0.5183;-1.5685;
3371403437972;-6.3048;-0.4896;-0.8282;
3371413471514;-11.6949;-1.0047;-5.9474;
3371423581357;-18.0284;-0.3556;-3.2166;
3371433691149;-0.7857;-0.6526;1.0618;
3371443813753;-0.5509;0.6027;-9.4663;
3371453923545;-11.4024;1.0699;-13.8165;
3371464033336;-20.0743;-1.2849;-3.8871;
3371474141149;-14.9456;-0.3604;7.6735;
3371484250941;-8.1159;-1.8191;13.7892;
3371494360784;-3.2124;0.1451;6.0350;
3371504467920;-3.9144;1.0220;-2.2798;
3371514577764;-11.2684;-3.1941;-1.3265;
3371524687555;-13.7812;-2.2170;-7.7824;
3371534802920;-11.6013;-0.8273;-7.2362;
3371544912711;-5.2125;-1.4480;-3.8704;
3371555022503;-9.8192;0.2243;-5.1114;
3371565130055;-10.1258;1.7883;-4.0286;
3371575239899;-8.9088;-0.0849;-3.2166;
3371585349691;-13.9561;-0.7507;-1.6618;
3371595462034;-8.1900;-0.0993;0.0030;
3371605571878;-6.2713;0.4469;-0.9550;
3371615681670;-10.8924;0.7104;-2.3997;
3371625792139;-13.2326;0.2291;-0.8186;
3371635901982;-6.6763;0.1355;0.8318;
3371646011774;-3.3873;-0.9329;-2.7589;
3371656148649;-12.7199;-1.1414;-5.4323;
3371666258441;-14.4616;-2.3486;-2.2056;
3371676368284;-14.1718;-1.0525;0.9159;
3371686447347;-5.7754;0.9069;0.0126;
3371696557191;-3.1478;-0.1735;-3.0894;
3371706666982;-13.6113;-0.7675;-4.0525;
3371716777764;-14.0207;-1.5341;1.5123;
3371726887607;-6.5563;-0.8369;-1.9086;
3371736997399;-8.6094;1.4913;-3.9951;
3371747109847;-9.6036;-1.4503;1.9241;
3371757219691;-10.3726;-1.7737;-0.4570;
3371767329482;-8.2502;0.0517;-2.7757;
3371777431201;-8.1422;-1.5173;-3.6308;
3371787541045;-12.2291;-0.7962;-2.5050;
3371797650836;-9.8767;0.0781;-0.7253;
3371807778545;-7.7016;-0.7436;-2.4787;
3371817888336;-14.9695;1.2589;-3.4848;
3371827998128;-7.7518;0.6123;-0.3179;
3371838107816;-0.9221;-0.3389;-0.4161;
3371848217607;-10.7916;-0.0296;-4.5461;
3371858327399;-14.8448;-1.2730;-4.2108;
3371868438128;-11.5869;-0.8273;-0.8115;
3371878547920;-4.1898;1.0101;-2.6225;
3371888657711;-7.8500;0.5142;-4.6585;
3371898764482;-14.0495;0.1259;-0.7011;
3371908874274;-9.8886;0.4588;-1.4127;
3371918984066;-7.3708;0.8542;-3.4609;
3371929097086;-7.8619;0.6147;-2.2845;
3371939206930;-10.8275;-0.8249;-1.4797;
3371949316722;-13.6759;-0.1567;-2.0716;
3371959419170;-9.2297;-0.2644;-1.3935;
3371969528961;-6.4367;0.3009;-2.4835;
3371979638753;-9.2249;-0.8465;-0.8258;
3371989744586;-12.0398;-1.2849;-1.8846;
3371999854378;-12.0518;-0.9401;-2.7230;
3372009964170;-9.1699;-0.9999;-0.2055;
3372020097711;-5.0904;-0.4155;-1.5613;
3372030207503;-6.7863;-1.2897;-2.7182;
3372040317347;-10.5209;-0.9927;-3.1400;
3372050389847;-12.1618;-1.3926;-3.0081;
3372060499691;-9.5797;-0.9114;-1.5374;
3372070609482;-8.3052;-1.0621;0.0126;
3372080736670;-9.7184;0.2554;0.6138;
3372090846461;-8.5065;-0.2357;0.9709;
3372100956253;-11.6949;0.0230;-1.1635;
3372111065732;-15.4798;0.0517;2.0249;
3372121175524;-7.2344;-0.2596;3.0838;
3372131285316;-7.9627;0.8471;-1.9062;
3372141401982;-11.9919;1.3454;0.0628;
3372151511722;-8.9662;-1.2132;1.1746;
3372161621461;-11.6587;-0.5016;-1.7551;
3372171719378;-10.5257;-0.1663;-0.9479;
3372181829118;-6.0631;-1.2778;-0.6461;
3372191938857;-9.7567;-1.4743;-1.3600;
3372202048857;-11.0599;-0.5973;-1.9588;
3372212158597;-11.8935;-1.3448;-1.6164;
3372222268336;-8.2286;-0.3963;1.2488;
3372232383649;-6.2282;-1.6561;0.3553;
3372242493389;-12.9643;-1.2371;-2.3013;
3372252603128;-13.6926;-1.0502;0.8824;
3372262709899;-6.1971;-2.0539;2.5902;
3372272819639;-8.0752;-1.5628;-0.8354;
3372282929378;-14.4688;-1.9292;-1.6810;
3372293053649;-9.5701;-2.6934;0.2569;
3372303163389;-5.7610;-3.3858;-1.6881;
3372313273128;-12.8925;-3.4122;-0.9287;
3372323389378;-11.3521;-2.2457;0.8871;
3372333499118;-8.1111;-0.8201;-0.9694;
3372343608857;-9.1531;-0.4753;-2.7876;
3372353699795;-10.6337;-0.6096;-1.1898;
3372363809534;-7.2177;-0.6670;0.0317;
3372373919274;-8.0800;-1.0119;-2.1290;
3372384005524;-12.4902;-0.8201;-5.7461;
3372394115264;-11.7188;-0.4657;-4.0190;
3372404225003;-7.5410;-0.6263;-0.8450;
3372414354066;-7.9938;-0.3266;-1.7408;
3372424463805;-13.4004;0.4878;-2.6632;
3372434573545;-9.8169;0.5812;-1.8870;
3372444680576;-4.1584;-0.2500;-1.1587;
3372454790368;-11.2540;-0.6790;-3.6069;
3372464900107;-13.0603;0.4735;-3.0990;
3372475009118;-4.8150;0.1475;-2.6034;
3372485118909;-9.2178;-0.8249;-5.4299;
3372495228649;-11.7308;-0.0440;-4.0478;
3372505336826;-7.2464;0.2578;-0.4690;
3372515446618;-9.5605;0.6123;-3.1205;
3372525556357;-11.0288;-0.0105;-3.9326;
3372535686670;-6.8728;0.0829;-1.5326;
3372545796409;-7.5529;-0.6287;-0.5575;
3372555906149;-9.8719;-1.3759;-1.7695;
3372565995836;-11.8050;-1.4432;-4.1770;
3372576105628;-10.7629;-1.3304;-3.6838;
3372586215368;-8.4464;-1.5293;-1.2042;
3372596337191;-6.5252;-2.1114;-1.3002;
3372606446930;-11.4529;-1.2227;-4.5772;
3372616556670;-11.7188;-1.2012;-1.4988;
3372626654899;-8.1948;-2.0037;4.3460;
3372636764639;-5.4999;-2.2071;1.4931;
3372646874378;-10.6122;-0.8249;-7.5811;
3372656975055;-12.6482;-0.7005;-8.5131;
3372667084847;-11.0288;-2.1951;-0.3179;
3372677194639;-6.0269;-2.3629;3.1484;
3372687330628;-6.7983;-2.1664;-3.7531;
3372697440368;-12.6841;-1.2969;-6.5486;
3372707550107;-11.1440;-1.8598;-1.9756;
3372717647086;-7.4237;-2.1616;-0.5384;
3372727756826;-9.6036;-1.0813;-1.6116;
3372737866566;-8.8705;0.1427;-1.2763;
3372747972399;-8.8992;-1.2634;-2.3252;
3372758082139;-11.3928;-2.1497;-3.4872;
3372768191878;-9.8719;-1.8766;-3.1831;
3372778326149;-8.1876;-1.3687;-1.6044;
3372788435889;-7.4405;-1.6011;-2.5385;
3372798545628;-10.6816;-2.5881;-4.9460;
3372808627034;-11.6324;-1.5843;-2.6345;
3372818736826;-7.4668;-2.3797;1.1554;
3372828846566;-7.4836;-2.1233;-0.6915;
3372838967295;-9.6299;-3.1175;-4.5221;
3372849077034;-12.7992;-1.4695;-3.2883;
3372859186774;-9.2608;0.3799;-0.7947;
3372869296149;-7.8236;-0.1878;-2.3252;
3372879405889;-10.0466;-1.3854;-4.7016;
3372889515628;-11.0504;-0.4202;-3.0057;
3372899621878;-8.6812;0.1092;-0.4280;
3372909731618;-8.0225;-0.4992;-0.8450;
3372919841357;-8.0919;-0.9688;-3.3147;
3372929981045;-10.0875;-1.5150;-4.6131;
3372940090784;-10.6265;-0.3437;-3.9832;
3372950200524;-9.7376;0.4878;-2.2128;
3372960281566;-9.5605;1.0340;-1.4701;
3372970391305;-9.5653;1.0364;-2.1625;
3372980501045;-8.5137;0.5453;-4.4548;
3372990631045;-11.0384;0.4588;-4.5245;
3373000740784;-9.4837;1.1824;-1.1779;
3373010850524;-9.1053;0.4301;-0.1621;
3373020946305;-9.4669;0.4086;-3.7962;
3373031065628;-11.0216;0.8351;-5.1879;
3373041175420;-9.6371;0.3846;-1.2763;
3373051285159;-9.3305;-0.2022;0.9087;
3373061381045;-10.0828;-1.4575;-0.8904;
3373071490784;-11.4386;-0.1902;-2.5839;
3373081635264;-10.2718;-0.5471;-0.3969;
3373091745003;-8.3363;-0.9975;0.0532;
3373101854795;-9.3520;-0.4274;-1.9851;
3373111930211;-9.8886;-0.2907;-1.0654;
3373122039951;-9.5342;-0.9425;0.2282;
3373132149691;-9.6371;-0.2070;-1.8176;
3373142254899;-11.3378;0.1881;-2.9626;
3373152364639;-9.1603;-0.1376;-0.3562;
3373162474378;-7.1602;-0.4992;-0.0401;
3373172580784;-9.7711;0.6075;-2.7876;
3373182690576;-11.6973;0.0541;-2.0788;
3373192800316;-10.3654;0.0781;-1.4629;
3373202917503;-8.7003;0.8064;-0.6580;
3373213027243;-8.4849;0.3344;0.3721;
3373223136982;-9.9652;0.7585;-2.5265;
3373233259482;-9.6467;1.1871;-4.7737;
3373243369222;-10.9092;0.4950;-2.6393;
3373253478961;-9.3832;0.1522;0.7552;
3373263591461;-7.4501;1.1967;-0.5073;
3373273701201;-9.4789;2.5502;-4.7207;
3373283810941;-11.6659;1.7094;-3.1400;
3373293903857;-9.2683;1.3693;-0.3562;
3373304013597;-7.4716;2.4664;-1.0032;
3373314123336;-9.4095;1.2350;-2.2510;
3373324243857;-12.0589;1.3119;-3.0440;
3373334353597;-10.3268;1.2808;-0.9598;
3373344463336;-8.1685;1.5921;-0.8306;
3373354575524;-8.8346;1.0627;-1.4605;
3373364685264;-9.3832;0.8447;-2.0426;
3373374795003;-8.7820;0.5668;-1.9516;
3373384883649;-8.7652;1.0627;-3.6260;
3373394993389;-9.7017;0.9978;-3.7292;
3373405103128;-10.3487;-0.1950;-1.1324;
3373415218545;-9.3927;0.3870;-1.0558;
3373425328284;-8.2932;1.0388;-4.0741;
3373435438024;-11.9294;0.6984;-4.9340;
3373445540055;-11.4458;-0.5566;-1.1276;
3373455649847;-8.7147;-1.0621;1.3373;
3373465759586;-8.4535;0.3416;-2.0593;
3373475870159;-9.2560;0.8901;-3.5877;
3373485979951;-10.8227;0.3224;-2.5959;
3373496089691;-10.5425;-0.7077;-1.1850;
3373506199222;-9.0742;0.2171;-1.9923;
3373516309014;-10.4611;0.7418;-4.2897;
3373526418753;-11.7380;-0.3987;-3.0272;
3373536553441;-9.7424;-1.7713;0.1732;
3373546663180;-7.2823;-2.2193;0.5204;
3373556772920;-8.6979;-1.7402;-2.2223;
3373566856930;-10.0780;-1.4097;-1.8607;
3373576966722;-8.9638;-1.9917;0.4965;
3373587076461;-8.2095;-1.4767;-1.8894;
3373597190107;-12.2291;-0.5901;-5.3797;
3373607299847;-12.8877;-1.3998;-2.2415;
3373617409586;-9.4167;-1.5724;0.5085;
3373627542607;-8.7147;-0.3915;-1.1611;
3373637652347;-10.4444;0.0230;-2.2989;
3373647762086;-9.9891;-0.6168;-0.6341;
3373657877816;-8.0082;-0.8321;0.4654;
3373667987555;-8.5304;-0.6383;-1.0654;
3373678097295;-11.1174;-1.1868;-2.1984;
3373688195941;-10.7270;-1.4910;-1.2811;
3373698305680;-8.8202;-1.0214;-0.7804;
3373708415420;-9.1268;-0.4131;-0.6652;
3373718515316;-9.2632;0.0326;0.4726;
3373728625055;-8.5161;0.5668;0.7002;
3373738734795;-10.2096;1.2111;-1.5060;
3373748849899;-12.8901;1.1608;-2.5768;
3373758959639;-11.2588;1.1465;-0.7516;
3373769069378;-8.2597;1.6831;-0.1525;
3373779161566;-7.3612;1.8245;-0.6772;
3373789271305;-8.4802;1.5491;-0.3371;
3373799381045;-9.2082;1.4530;0.8509;
3373809506670;-10.4803;1.8556;0.0676;
3373819616357;-12.2001;2.3994;-1.7216;
3373829726149;-11.5893;2.6390;-2.3471;
3373839835732;-9.1962;2.3106;-1.7360;
3373849945472;-8.3219;1.7524;-0.9526;
3373860055211;-8.2502;1.4722;0.5061;
3373870158336;-7.9460;1.7142;2.5472;
3373880268076;-8.3554;2.5430;2.0871;
3373890377816;-9.3712;2.9982;-0.0616;
3373900485628;-9.3903;2.7036;-0.4352;
3373910595368;-9.9963;1.0026;0.7289;
3373920705107;-11.2493;0.1810;0.2665;
3373930804326;-12.2842;0.5764;-2.4165;
3373940914118;-12.2865;0.9236;-4.4815;
3373951023857;-10.8180;0.6817;-2.7470;
3373961148857;-7.9146;0.7537;0.2498;
3373971258597;-6.9182;1.1895;0.3144;
3373981368336;-8.3124;0.9141;-0.9960;
3373991478753;-9.7783;-0.0320;-1.4797;
3374001588493;-11.1535;-0.5231;-2.2319;
3374011698232;-12.4684;-0.2716;-2.4954;
3374021806566;-11.1102;0.3248;-1.1396;
3374031916305;-8.7532;0.9260;-0.6293;
3374042026045;-8.6118;0.8279;-1.4629;
3374052136878;-9.5342;0.3392;-1.3528;
3374062246618;-9.6443;0.4349;-1.0104;
3374072356357;-9.6849;0.7992;-1.5900;
3374082456878;-9.9532;0.6577;-1.8703;
3374092566305;-10.0250;0.3727;-1.3385;
3374102675680;-9.9580;0.4158;-0.8904;
3374112787659;-9.9006;0.4229;-0.6461;
3374122897086;-9.6658;0.2985;-0.5910;
3374133006514;-9.6012;0.0733;-0.9431;
3374143135836;-9.8886;-0.3532;-1.2138;
3374153245211;-9.9844;-0.7005;-1.0965;
3374163354639;-9.8695;-0.7316;-1.2787;
3374173441722;-9.8216;-0.8441;-1.6379;
3374183551149;-9.6658;-1.3687;-1.7480;
3374193660576;-9.6084;-2.4924;-1.7192;
3374203818232;-9.6371;-3.4672;-1.8942;
3374213927607;-9.4860;-3.6350;-2.6058;
3374224037034;-9.3497;-3.3428;-3.0870;
3374234102451;-9.4645;-3.4337;-3.2572;
3374244211878;-9.5653;-3.7953;-3.1831;
3374254321253;-9.5916;-3.8841;-2.9746;
3374264451618;-9.5988;-3.2707;-3.0105;
3374274561097;-9.5462;-2.4084;-3.2572;
3374284670420;-9.5868;-1.9053;-3.3840;
3374294787399;-9.7424;-1.8407;-3.2740;
3374304896826;-9.6802;-1.4503;-3.4585;
3374315006201;-9.4573;-0.9712;-3.0918;
3374325098493;-9.5557;-1.1100;-2.2917;
3374335207972;-9.7089;-1.2778;-1.4844;
3374345317295;-9.6778;-0.6479;-2.2080;
3374355427347;-9.6443;-0.1974;-2.9315;
3374365536826;-9.8073;-0.1496;-2.9698;
3374375646201;-9.8671;-0.0033;-2.8116;
3374385762034;-9.6706;0.1714;-2.5433;
3374395871461;-9.4573;0.4783;-2.3327;
3374405980836;-9.4406;0.7896;-2.6632;
3374416092347;-9.3616;0.7008;-2.8331;
3374426201774;-9.1077;0.4759;-2.7565;
3374436311149;-8.9662;0.2363;-2.7876;
3374446410472;-9.0838;-0.0730;-2.6489;
3374456519899;-9.2608;-0.2644;-2.4547;
3374466629222;-9.4549;-0.5901;-2.3877;
3374476744951;-9.6921;-0.9520;-2.4619;
3374486854378;-9.8169;-1.2012;-2.5935;
3374496963753;-9.7352;-1.2419;-2.8475;
3374507074014;-9.6419;-1.3017;-3.0248;
3374517183441;-9.4310;-1.2778;-2.9554;
3374527292868;-8.9877;-1.0047;-2.3877;
3374537426618;-8.7604;-0.5207;-1.9301;
3374547536045;-8.9877;-0.0272;-1.8129;
3374557645420;-9.4430;0.5022;-1.8033;
3374567732764;-9.6897;1.0603;-1.6116;
3374577842191;-9.5366;1.6831;-1.3337;
3374587951618;-9.1005;2.2699;-1.3002;
3374598069847;-8.7461;2.6701;-1.4462;
3374608179274;-8.6931;2.9073;-1.9373;
3374618288649;-9.0287;3.0963;-2.6656;
3374628406826;-9.5581;3.3335;-3.0966;
3374638516253;-9.7280;3.6281;-3.0057;
3374648625628;-9.4813;3.9829;-2.6680;
3374658713128;-9.0981;4.2248;-2.2606;
3374668822503;-8.8777;4.3014;-1.9636;
3374678931878;-8.9016;4.4139;-1.8631;
3374689044066;-9.1508;4.4955;-1.8320;
3374699153441;-9.4741;4.6128;-1.9038;
3374709262816;-9.6347;4.6056;-2.0354;
3374719384430;-9.5195;4.5458;-2.1266;
3374729493857;-9.2779;4.3421;-2.1314;
3374739603232;-9.1268;4.1121;-2.1553;
3374749715576;-9.0646;3.9613;-2.2941;
3374759825003;-9.3281;3.6906;-2.5457;
3374769934430;-9.3473;3.3048;-2.5600;
3374780044534;-9.2632;3.0580;-2.3830;
3374790153909;-9.2560;2.8424;-2.3276;
3374800263284;-9.2779;2.5621;-2.2678;
3374810412711;-9.2827;2.2962;-2.3157;
3374820522086;-9.2656;2.0761;-2.3013;
3374830631514;-9.3090;1.8532;-2.3180;
3374840694118;-9.3903;1.6328;-2.3518;
3374850803597;-9.4286;1.4124;-2.2032;
3374860912920;-9.3808;1.2230;-2.1147;
3374871026722;-9.3760;0.8901;-2.2223;
3374881136149;-9.4238;0.5907;-2.3782;
3374891245524;-9.3832;0.3153;-2.3949;
3374901372868;-9.3855;0.0470;-2.3662;
3374911482295;-9.4813;-0.3314;-2.3662;
3374921591670;-9.4717;-0.6431;-2.4236;
3374931673441;-9.3760;-0.8584;-2.5433;
3374941782816;-9.3616;-1.0717;-2.7111;
3374951892191;-9.3951;-1.2897;-2.9148;
3374962019118;-9.3999;-1.5030;-2.9841;
3374972128545;-9.4502;-1.6561;-2.9674;
3374982237920;-9.5172;-1.8024;-2.8741;
3374992337764;-9.5653;-1.9364;-2.7805;
3375002447191;-9.5940;-2.1042;-2.6106;
3375012556566;-9.6251;-2.3222;-2.4643;
3375022668649;-9.6682;-2.3988;-2.3566;
3375032778024;-9.7041;-2.3557;-2.3252;
3375042887451;-9.6132;-2.2457;-2.3013;
3375053020524;-9.6203;-2.0922;-2.3518;
3375063129899;-9.6371;-1.9077;-2.4165;
3375073239326;-9.5533;-1.5939;-2.4715;
3375083322555;-9.5004;-1.1988;-2.6512;
3375093432243;-9.4717;-0.8321;-2.7757;
3375103541982;-9.4549;-0.4705;-2.7781;
3375113648961;-9.4573;-0.1663;-2.7087;
3375123758493;-9.4932;0.2267;-2.7206;
3375133868128;-9.4454;0.5501;-2.6321;
3375143977816;-9.4167;0.8088;-2.5146;
3375154109482;-9.4095;0.9571;-2.3901;
3375164219118;-9.4071;1.0364;-2.2152;
3375174328857;-9.4214;1.0866;-2.2032;
3375184457816;-9.4789;1.1369;-2.1960;
3375194567451;-9.4717;1.2039;-2.2128;
3375204677139;-9.4813;1.2541;-2.3133;
3375214758545;-9.4741;1.2398;-2.3782;
3375224868180;-9.4525;1.1895;-2.4260;
3375234977868;-9.4238;1.0938;-2.4811;
3375245076097;-9.4071;0.9930;-2.5385;
3375255185784;-9.4095;0.8590;-2.5193;
3375265295472;-9.4573;0.7490;-2.5337;
3375275433649;-9.4717;0.6386;-2.4882;
3375285543284;-9.4669;0.5596;-2.4284;
3375295653024;-9.4645;0.4926;-2.4691;
3375305746149;-9.4717;0.4158;-2.4930;
3375315855784;-9.4693;0.3607;-2.4811;
3375325965472;-9.4789;0.3057;-2.4476;
3375336079222;-9.4908;0.2554;-2.4404;
3375346188857;-9.5052;0.2124;-2.4452;
3375356298545;-9.5172;0.2387;-2.3949;
3375366397451;-9.4956;0.2602;-2.3853;
3375376507139;-9.4765;0.3153;-2.3973;
3375386616826;-9.4789;0.3320;-2.4093;
3375396741774;-9.4932;0.3464;-2.4500;
3375406851409;-9.5028;0.4205;-2.4500;
3375416961097;-9.4932;0.5261;-2.4141;
3375427061045;-9.4645;0.7199;-2.3375;
3375437170680;-9.4669;0.9236;-2.2774;
3375447280368;-9.5076;1.0316;-2.2917;
3375457393545;-9.5195;1.0866;-2.2487;
3375467503180;-9.5291;1.1656;-2.2965;
3375477612868;-9.4908;1.3286;-2.5217;
3375487730420;-9.4190;1.2661;-2.6034;
3375497840055;-9.3616;1.0675;-2.6058;
3375507949743;-9.3736;0.8662;-2.6297;
3375518063024;-9.3664;0.6912;-2.6512;
3375528172659;-9.3305;0.6266;-2.5600;
3375538282399;-9.3497;0.6434;-2.5026;
3375548388441;-9.4143;0.7490;-2.5002;
3375558498076;-9.4406;0.7657;-2.3925;
3375568607764;-9.4454;0.8207;-2.3447;
3375578703336;-9.4262;1.0412;-2.5313;
3375588813076;-9.3592;1.0002;-2.5361;
3375598922711;-9.3855;0.8375;-2.4500;
3375609030420;-9.4693;0.6912;-2.4428;
3375619140055;-9.4765;0.5620;-2.4165;
3375629249795;-9.4478;0.4684;-2.4188;
3375639367399;-9.4597;0.4493;-2.4954;
3375649477086;-9.4214;0.3918;-2.4835;
3375659586722;-9.4430;0.2889;-2.4811;
3375669692034;-9.4454;0.2267;-2.4667;
3375679801722;-9.4669;0.1810;-2.4882;
3375689911409;-9.4597;0.1522;-2.4787;
3375700027086;-9.4860;0.1379;-2.3877;
3375710136722;-9.5172;0.0781;-2.3614;
3375720246409;-9.5148;0.0135;-2.3734;
3375730364066;-9.5004;-0.0272;-2.3758;
3375740473753;-9.4621;-0.0368;-2.4715;
3375750583441;-9.4382;-0.0488;-2.4787;
3375760690836;-9.4358;-0.0778;-2.5098;
3375770800472;-9.4717;-0.1041;-2.5217;
3375780910159;-9.4525;-0.0754;-2.5576;
3375791013336;-9.4621;-0.0849;-2.5504;
3375801122972;-9.4549;-0.0488;-2.5481;
3375811232659;-9.4525;-0.0631;-2.4954;
3375821351722;-9.4765;-0.0583;-2.4308;
3375831461357;-9.4956;-0.0344;-2.4260;
3375841571045;-9.4813;-0.0559;-2.3949;
3375851674795;-9.5100;-0.0897;-2.4236;
3375861784430;-9.4717;-0.1424;-2.4547;
3375871894118;-9.4669;-0.2596;-2.5193;
3375882005211;-9.4669;-0.3748;-2.5552;
3375892114899;-9.4478;-0.4298;-2.5986;
3375902224534;-9.4406;-0.4537;-2.6249;
3375912335732;-9.4214;-0.4848;-2.6321;
3375922445420;-9.4262;-0.5207;-2.6082;
3375932555055;-9.4549;-0.5016;-2.5959;
3375942665836;-9.4741;-0.4561;-2.5313;
3375952775472;-9.4813;-0.4202;-2.4643;
3375962885211;-9.4980;-0.4155;-2.4236;
3375972991878;-9.5172;-0.4513;-2.4069;
3375983101566;-9.4980;-0.4705;-2.4284;
3375993211253;-9.4573;-0.4633;-2.4930;
3376003318441;-9.4549;-0.5112;-2.5193;
3376013428128;-9.4621;-0.5686;-2.5385;
3376023537868;-9.4741;-0.5973;-2.5887;
3376033629274;-9.4502;-0.6215;-2.6010;
3376043738909;-9.4573;-0.6431;-2.6632;
3376053848597;-9.4645;-0.6168;-2.6752;
3376063969482;-9.4597;-0.6144;-2.6058;
3376074079118;-9.4669;-0.6120;-2.5576;
3376084188805;-9.4741;-0.5231;-2.5002;
3376094306878;-9.4741;-0.5279;-2.4260;
3376104416566;-9.5028;-0.5901;-2.3614;
3376114526201;-9.5028;-0.5973;-2.4332;
3376124631097;-9.4813;-0.6359;-2.4763;
3376134740836;-9.4454;-0.6646;-2.5361;
3376144850524;-9.4382;-0.6526;-2.6680;
3376154979482;-9.4525;-0.6646;-2.6728;
3376165089170;-9.4071;-0.6670;-2.5146;
3376175198909;-9.5028;-0.4657;-3.1735;
3376185308753;-9.5076;-0.3724;-2.6895;
3376195418441;-9.3903;-0.2309;-2.4858;
3376205528180;-9.4693;-0.1998;-2.3252;
3376215619118;-9.4549;-0.2309;-2.2104;
3376225728857;-9.3927;-0.2405;-2.1410;
3376235838545;-9.4980;-0.3147;-2.1625;
3376245947347;-9.6467;-0.4035;-2.2032;
3376256057086;-9.6969;-0.3867;-2.3542;
3376266166774;-9.5486;-0.3485;-2.4356;
3376276280264;-9.4645;-0.3485;-2.6704;
3376286390003;-9.4262;-0.3867;-2.7733;
3376296499743;-9.3066;-0.4442;-2.8092;
3376306609951;-9.2803;-0.4107;-2.8594;
3376316719691;-9.4023;-0.3867;-2.8187;
3376326829378;-9.4813;-0.3891;-2.6800;
