Sensor: bosch_bmp380 Pressure Sensor Non-wakeup
Vendor: Bosch
TimestampPres [ns]; Pres [mBar]
584722772955803;862.7562;
584722812950856;862.7562;
584722852955803;862.7550;
584722892955022;862.7475;
584722932955595;862.7475;
584722972956324;862.7437;
584723012952939;862.7350;
584723052947053;862.7337;
584723092930439;862.7288;
584723132930178;862.7263;
584723172928616;862.7238;
584723212951428;862.7250;
584723252952158;862.7250;
584723292953512;862.7275;
584723332953512;862.7288;
584723372954762;862.7300;
584723412952158;862.7300;
584723452953512;862.7263;
584723492953512;862.7250;
584723532956116;862.7213;
584723572952939;862.7213;
584723612953720;862.7238;
584723652954033;862.7263;
584723692952678;862.7225;
584723732952470;862.7263;
584723772954553;862.7275;
584723812955803;862.7250;
584723852952939;862.7263;
584723892955803;862.7275;
584723932954033;862.7263;
584723972954762;862.7275;
584724012928199;862.7312;
584724052929606;862.7263;
584724092933303;862.7350;
584724132931116;862.7300;
584724172939866;862.7275;
584724212949553;862.7275;
584724252952939;862.7288;
584724292951428;862.7312;
584724332954762;862.7325;
584724372955283;862.7300;
584724412953199;862.7325;
584724452955595;862.7288;
584724492955022;862.7263;
584724532957678;862.7250;
584724572958199;862.7213;
584724612956949;862.7213;
584724652950387;862.7175;
584724692955803;862.7175;
584724732958408;862.7162;
584724772958408;862.7137;
584724812952158;862.7137;
584724852955595;862.7150;
584724892954762;862.7125;
584724932954762;862.7150;
584724972948616;862.7188;
584725012942106;862.7175;
584725052930491;862.7150;
584725092927991;862.7250;
584725132929449;862.7137;
584725172956116;862.7062;
584725212952939;862.7062;
584725252954033;862.7087;
584725292954241;862.7137;
584725332956845;862.7175;
584725372953720;862.7137;
584725412954033;862.7150;
584725452957887;862.7175;
584725492957106;862.7137;
584725532957887;862.7112;
584725572957366;862.7162;
584725612954033;862.7125;
584725652955595;862.7162;
584725692955803;862.7250;
584725732958408;862.7200;
584725772961845;862.7162;
584725812957366;862.7175;
584725852957366;862.7200;
584725892955387;862.7213;
584725932947783;862.7213;
584725972944449;862.7225;
584726012934241;862.7213;
584726052928928;862.7213;
584726092929345;862.7263;
584726132956845;862.7325;
584726172959449;862.7300;
584726212955283;862.7300;
584726252957366;862.7312;
584726292954033;862.7337;
584726332954553;862.7362;
584726372956116;862.7325;
584726412952678;862.7312;
584726452953512;862.7275;
584726492961012;862.7300;
584726532953199;862.7275;
584726572954762;862.7288;
584726612952678;862.7275;
584726652955803;862.7263;
584726692954241;862.7312;
584726732956845;862.7200;
584726772960491;862.7200;
584726812956428;862.7175;
584726852952939;862.7263;
584726892946741;862.7175;
584726932929137;862.7162;
584726972928824;862.7087;
584727012929970;862.7100;
584727052929449;862.7150;
584727092955022;862.7162;
584727132956637;862.7162;
584727172953303;862.7200;
584727212953512;862.7250;
584727252959241;862.7250;
584727292954762;862.7288;
584727332954762;862.7275;
584727372951428;862.7300;
584727412952158;862.7250;
584727452954241;862.7188;
584727492956116;862.7188;
584727532956845;862.7162;
584727572959189;862.7137;
584727612952470;862.7137;
584727652956324;862.7162;
584727692955595;862.7162;
584727732957106;862.7213;
584727772957887;862.7213;
584727812954033;862.7225;
584727852942991;862.7250;
584727892963928;862.7238;
584727932932887;862.7250;
584727972929449;862.7250;
584728012935595;862.7213;
584728052976428;862.7238;
584728092956637;862.7275;
584728132953720;862.7325;
584728172954241;862.7350;
584728212953720;862.7325;
584728252955595;862.7337;
584728292956116;862.7325;
584728332954762;862.7325;
584728372955283;862.7337;
584728412952939;862.7325;
584728452956116;862.7325;
584728492956637;862.7350;
584728532956845;862.7412;
584728572956637;862.7412;
584728612959449;862.7362;
584728652956116;862.7362;
584728692957106;862.7337;
584728732962366;862.7375;
584728772958408;862.7387;
584728812988095;862.7387;
584728852931116;862.7387;
584728892928876;862.7350;
584728932939449;862.7362;
584728972938772;862.7400;
584729012928095;862.7462;
584729052960491;862.7462;
584729092951949;862.7400;
584729132956637;862.7437;
584729172954033;862.7487;
584729212956949;862.7475;
584729252957887;862.7450;
584729292955022;862.7475;
584729332954033;862.7575;
584729372958408;862.7562;
584729412953772;862.7512;
584729452956324;862.7550;
584729492956324;862.7450;
584729532956324;862.7450;
584729572962887;862.7450;
584729612957366;862.7450;
584729652956845;862.7475;
584729692954762;862.7437;
584729732956637;862.7450;
584729772953303;862.7537;
584729812953199;862.7587;
584729852929866;862.7575;
584729892927939;862.7537;
584729932933199;862.7512;
584729972928720;862.7550;
584730012956428;862.7550;
584730052958720;862.7612;
584730092952939;862.7662;
584730132954241;862.7625;
584730172951220;862.7662;
584730212952678;862.7762;
584730252953199;862.7838;
584730292954553;862.7775;
584730332955283;862.7700;
584730372954553;862.7675;
584730412954866;862.7612;
584730452957470;862.7700;
584730492955022;862.7612;
584730532955595;862.7600;
584730572957106;862.7625;
584730612954241;862.7625;
584730652955022;862.7650;
584730692955283;862.7675;
584730732975074;862.7675;
584730772954553;862.7687;
584730812924189;862.7712;
584730852936324;862.7750;
584730892928928;862.7712;
584730932934033;862.7737;
584730972953720;862.7700;
584731012952470;862.7712;
584731052954762;862.7787;
584731092951689;862.7700;
584731132956324;862.7750;
584731172953199;862.7787;
584731212950595;862.7750;
584731252956324;862.7725;
584731292953512;862.7687;
584731332957106;862.7775;
584731372955022;862.7762;
584731412952939;862.7787;
584731452960283;862.7813;
584731492956637;862.7813;
584731532959970;862.7875;
584731572959449;862.7838;
584731612954033;862.7787;
584731652956324;862.7813;
584731692952678;862.7737;
584731732956637;862.7587;
584731772931012;862.7575;
584731812928408;862.7575;
584731852928095;862.7587;
584731892929241;862.7550;
584731932956324;862.7600;
584731972957158;862.7662;
584732012952678;862.7637;
584732052957887;862.7675;
584732092945908;862.7712;
584732132957887;862.7675;
584732172956637;862.7775;
584732212955022;862.7850;
584732252959762;862.7863;
584732292955387;862.7925;
584732332957106;862.7925;
584732372957158;862.7900;
584732412950856;862.7925;
584732452954762;862.7962;
584732492954241;862.7925;
584732532955803;862.7875;
584732572956637;862.7875;
584732612954762;862.7925;
584732652952939;862.7975;
584732692954033;862.7875;
584732732958772;862.7913;
584732772930387;862.7962;
584732812929345;862.8050;
584732852938303;862.8100;
584732892978199;862.8112;
584732932954241;862.8112;
584732972953720;862.8150;
584733012959189;862.8087;
584733052955803;862.8037;
584733092951897;862.8062;
584733132951637;862.8062;
584733172956116;862.8100;
584733212955595;862.8050;
584733252959970;862.8050;
584733292952262;862.7987;
584733332954241;862.7925;
584733372956116;862.7925;
584733412953303;862.7925;
584733452954553;862.7925;
584733492954345;862.7962;
584733532954553;862.7888;
584733572957366;862.7900;
584733612951689;862.7850;
584733652956845;862.7813;
584733692927783;862.7787;
584733732927887;862.7787;
584733772928720;862.7813;
584733812929033;862.7800;
584733852930283;862.7850;
584733892954033;862.7800;
584733932956428;862.7863;
584733972952262;862.7913;
584734012956845;862.7975;
584734052957939;862.7975;
584734092955647;862.8037;
584734132954241;862.8012;
584734172955803;862.7987;
584734212952158;862.8087;
584734252955283;862.8062;
584734292954345;862.8100;
584734332956324;862.8125;
584734372956845;862.8087;
584734412956116;862.8150;
584734452956116;862.8137;
584734492951116;862.8075;
584734532950387;862.8087;
584734572957106;862.8087;
584734612956116;862.8075;
584734652953512;862.8037;
584734692929241;862.8100;
584734732928928;862.8100;
584734772928928;862.8012;
584734812927783;862.8000;
584734852958199;862.7975;
584734892953512;862.7937;
584734932957106;862.7838;
584734972953720;862.7650;
584735012951949;862.7625;
584735052956845;862.7675;
584735092953512;862.7675;
584735132951428;862.7625;
584735172957678;862.7575;
584735212952991;862.7600;
584735252955595;862.7637;
584735292952939;862.7675;
584735332959970;862.7675;
584735372958720;862.7675;
584735412957678;862.7737;
584735452958928;862.7725;
584735492956116;862.7762;
584735532955595;862.7863;
584735572931428;862.7825;
584735612950699;862.7825;
584735652928928;862.7838;
584735692935022;862.7875;
584735732941116;862.7863;
584735772932158;862.7937;
584735812944658;862.7962;
584735852954241;862.7975;
584735892949553;862.7962;
584735932953720;862.7950;
584735972955595;862.7962;
584736012955595;862.7937;
584736052956845;862.7950;
584736092957887;862.7975;
584736132955022;862.8025;
584736172957366;862.8012;
584736212956116;862.7937;
584736252957366;862.7987;
584736292957887;862.8000;
584736332960595;862.8012;
584736372955283;862.8025;
584736412956637;862.8012;
584736452955803;862.8012;
584736492956324;862.7962;
584736532948616;862.8000;
584736572953512;862.7962;
584736612940803;862.7950;
584736652927470;862.7987;
584736692928720;862.7913;
584736732929033;862.7975;
584736772959970;862.7987;
584736812972522;862.8025;
584736852954241;862.8037;
584736892953720;862.8075;
584736932955387;862.8100;
584736972958408;862.8087;
584737012958928;862.8100;
584737052956637;862.8125;
584737092957106;862.8187;
584737132953199;862.8112;
584737172960803;862.8137;
584737212956637;862.8137;
584737252958199;862.8125;
584737292959449;862.8075;
584737332956324;862.8112;
584737372955595;862.8112;
584737412956116;862.8237;
584737452958720;862.8325;
584737492954762;862.8312;
584737532958199;862.8250;
584737572929033;862.8125;
584737612923095;862.8125;
584737652930699;862.8150;
584737692928720;862.8212;
584737732976949;862.8075;
584737772954553;862.8112;
584737812946949;862.8162;
584737852954241;862.8112;
584737892954762;862.8025;
584737932949137;862.7962;
584737972954553;862.8075;
584738012955022;862.8087;
584738052956949;862.8012;
584738092961272;862.8075;
584738132954762;862.8062;
584738172955022;862.8112;
584738212954033;862.8150;
584738252958199;862.8162;
584738292955074;862.8137;
584738332957106;862.8162;
584738372955283;862.8200;
584738412953303;862.8212;
584738452952470;862.8237;
584738492954762;862.8162;
584738532946012;862.8162;
584738572936741;862.8162;
584738612932574;862.8175;
584738652927470;862.8112;
584738692928095;862.8012;
584738732958408;862.7987;
584738772953512;862.8025;
584738812954241;862.8100;
584738852954241;862.8125;
584738892954762;862.8125;
584738932957158;862.8112;
584738972953303;862.8125;
584739012952158;862.8125;
584739052960283;862.8050;
584739092957158;862.7925;
584739132957366;862.7962;
584739172956845;862.7900;
584739212951637;862.7762;
584739252959762;862.7675;
584739292957366;862.7687;
584739332961012;862.7725;
584739372956845;862.7775;
584739412958199;862.7813;
584739452957366;862.7838;
584739492948303;862.7875;
584739532940074;862.8025;
584739572922158;862.8137;
584739612932366;862.8150;
584739652928303;862.8112;
584739692953720;862.7962;
584739732953720;862.7775;
584739772954033;862.7662;
584739812950856;862.7612;
584739852956116;862.7437;
584739892954033;862.7375;
584739932955803;862.7312;
584739972953512;862.7362;
584740012953512;862.7412;
584740052957106;862.7450;
584740092957106;862.7537;
584740132955803;862.7550;
584740172959762;862.7587;
584740212958199;862.7662;
584740252956637;862.7562;
584740292958199;862.7525;
584740332958199;862.7475;
584740372960491;862.7512;
584740412955022;862.7550;
584740452953512;862.7550;
584740492928616;862.7537;
584740532931428;862.7525;
584740572928928;862.7612;
584740612928095;862.7725;
584740652954033;862.7800;
584740692954762;862.7687;
584740732953199;862.7625;
584740772952678;862.7612;
584740812953512;862.7550;
584740852958408;862.7550;
584740892955595;862.7487;
584740932956116;862.7525;
584740972956324;862.7537;
584741012953512;862.7612;
584741052957678;862.7600;
584741092953303;862.7675;
584741132957887;862.7725;
584741172957678;862.7737;
584741212954241;862.7775;
584741252956116;862.7825;
584741292955283;862.7875;
584741332955803;862.7900;
584741372957366;862.7937;
584741412954241;862.7962;
584741452936949;862.8012;
584741492928095;862.8012;
584741532931428;862.8037;
584741572930074;862.8200;
584741612950074;862.8212;
584741652954762;862.8225;
584741692954241;862.8287;
584741732952939;862.8187;
584741772954241;862.8150;
584741812952991;862.8175;
584741852954033;862.8162;
584741892954762;862.8162;
584741932955803;862.8175;
584741972955022;862.8175;
584742012958720;862.8200;
584742052958199;862.8175;
584742092956637;862.8162;
584742132956116;862.8075;
584742172958720;862.8037;
584742212954033;862.8062;
584742252954241;862.8112;
584742292958408;862.8025;
584742332957366;862.7913;
584742372957366;862.7875;
584742412954762;862.7900;
584742452938616;862.7838;
584742492927470;862.7888;
584742532929553;862.7950;
584742572968824;862.7925;
584742612951949;862.7987;
584742652954241;862.7975;
584742692950595;862.7937;
584742732955283;862.7950;
584742772956637;862.8000;
584742812948095;862.8000;
584742852956324;862.7937;
584742892955595;862.7913;
584742932956116;862.7900;
584742972957106;862.7900;
584743012955283;862.7875;
584743052962366;862.7850;
584743092958408;862.7787;
584743132959970;862.7750;
584743172955803;862.7750;
584743212956637;862.7750;
584743252952470;862.7712;
584743292956116;862.7687;
584743332959189;862.7700;
584743372946741;862.7687;
584743412927366;862.7700;
584743452932991;862.7712;
584743492929033;862.7750;
584743532948512;862.7838;
584743572955595;862.7850;
584743612951637;862.7775;
584743652954033;862.7775;
584743692954762;862.7825;
584743732955022;862.7825;
584743772954241;862.7775;
584743812954241;862.7700;
584743852956637;862.7600;
584743892955283;862.7587;
584743932959189;862.7500;
584743972957366;862.7350;
584744012955022;862.7300;
584744052961272;862.7288;
584744092958199;862.7325;
584744132959762;862.7325;
584744172961324;862.7325;
584744212954033;862.7325;
584744252962053;862.7362;
584744292959189;862.7350;
584744332935283;862.7288;
584744372931949;862.7350;
584744412928512;862.7350;
584744452935022;862.7425;
584744492927678;862.7400;
584744532955283;862.7362;
584744572952991;862.7350;
584744612951689;862.7225;
584744652953720;862.7225;
584744692956324;862.7263;
584744732959189;862.7250;
584744772957366;862.7337;
584744812949553;862.7375;
584744852961533;862.7375;
584744892954762;862.7387;
584744932958720;862.7437;
584744972955595;862.7425;
584745012956324;862.7375;
584745052957678;862.7425;
584745092957887;862.7450;
584745132962366;862.7400;
584745172961845;862.7400;
584745212956637;862.7362;
584745252958720;862.7337;
584745292957106;862.7288;
584745332931949;862.7275;
584745372930074;862.7325;
584745412927991;862.7288;
584745452922939;862.7300;
584745492953303;862.7250;
584745532956116;862.7325;
584745572955022;862.7337;
584745612953199;862.7312;
584745652945178;862.7350;
584745692957106;862.7325;
584745732958928;862.7263;
584745772960491;862.7300;
584745812954033;862.7288;
584745852959970;862.7312;
584745892959189;862.7337;
584745932962106;862.7300;
584745972962106;862.7325;
584746012953199;862.7325;
584746052961637;862.7350;
584746092955856;862.7375;
584746132957366;862.7400;
584746172956845;862.7400;
584746212956324;862.7387;
584746252960491;862.7275;
584746292930387;862.7188;
584746332939449;862.7225;
584746372930283;862.7175;
584746412938512;862.7150;
584746452960283;862.7125;
584746492953512;862.7125;
584746532961012;862.7162;
584746572957366;862.7263;
584746612953512;862.7225;
584746652956637;862.7275;
584746692955595;862.7300;
584746732956637;862.7238;
584746772958720;862.7238;
584746812955803;862.7250;
584746852958408;862.7275;
584746892958720;862.7263;
584746932962574;862.7200;
584746972957678;862.7225;
584747012952678;862.7175;
584747052961533;862.7225;
584747092957678;862.7200;
584747132961845;862.7137;
584747172959970;862.7213;
584747212957106;862.7162;
584747252927574;862.7100;
584747292939449;862.7150;
584747332929762;862.7175;
584747372930595;862.7175;
584747412953512;862.7188;
584747452953720;862.7075;
584747492958408;862.7112;
584747532954033;862.7062;
584747572957678;862.7025;
584747612954762;862.7025;
584747652955595;862.7087;
584747692954241;862.7075;
584747732960491;862.7112;
584747772964449;862.7137;
584747812954241;862.7125;
584747852964658;862.7137;
584747892962053;862.7188;
584747932962574;862.7175;
584747972959970;862.7225;
584748012952678;862.7238;
584748052958720;862.7162;
584748092961272;862.7162;
584748132963095;862.7125;
584748172958512;862.7175;
584748212955283;862.7125;
584748252939606;862.7112;
584748292920022;862.7037;
584748332927939;862.7087;
584748372997053;862.7012;
584748412956324;862.7062;
584748452958928;862.7100;
584748492953720;862.7062;
584748532953772;862.7075;
584748572955595;862.7075;
584748612957106;862.7062;
584748652954762;862.7125;
584748692953720;862.7188;
584748732957158;862.7200;
584748772954762;862.7162;
584748812955803;862.7188;
584748852958199;862.7162;
584748892957678;862.7137;
584748932963356;862.7112;
584748972955022;862.7137;
584749012957106;862.7188;
584749052952678;862.7162;
584749092957366;862.7125;
584749132964866;862.7150;
584749172951689;862.7137;
584749212927887;862.7150;
584749252929606;862.7162;
584749292928199;862.7162;
584749332928095;862.7162;
584749372954033;862.7125;
584749412957158;862.7150;
584749452952678;862.7150;
584749492954553;862.7162;
584749532956116;862.7112;
584749572956845;862.7150;
584749612955803;862.7112;
584749652954241;862.7075;
584749692956845;862.7087;
584749732962574;862.7075;
584749772959762;862.7162;
584749812957678;862.7125;
584749852959762;862.7125;
584749892959762;862.7137;
584749932963095;862.7162;
584749972962366;862.7200;
584750012959449;862.7225;
584750052959449;862.7225;
584750092952262;862.7213;
584750132951116;862.7213;
584750172929345;862.7125;
584750212927262;862.7062;
584750252930908;862.7037;
584750292929345;862.7000;
584750332959449;862.7012;
584750372955803;862.6975;
584750412952470;862.7012;
584750452949345;862.6987;
584750492954762;862.7037;
584750532955022;862.7025;
584750572953199;862.7112;
584750612953720;862.7087;
584750652956845;862.7087;
584750692956637;862.7075;
584750732958720;862.7137;
584750772962887;862.7213;
584750812952158;862.7075;
584750852964449;862.7075;
584750892962053;862.7112;
584750932971220;862.7137;
584750972960491;862.7062;
584751012953199;862.7012;
584751052956324;862.7087;
584751092956845;862.7100;
584751132940491;862.7162;
584751172929345;862.7137;
584751212929137;862.7150;
584751252935074;862.7200;
584751292956845;862.7225;
584751332954553;862.7225;
584751372954762;862.7312;
584751412952991;862.7275;
584751452958199;862.7300;
584751492955074;862.7300;
584751532953720;862.7238;
584751572959449;862.7200;
584751612955022;862.7225;
584751652957106;862.7213;
584751692956845;862.7162;
584751732959449;862.7162;
584751772957106;862.7188;
584751812952991;862.7300;
584751852962574;862.7263;
584751892959189;862.7263;
584751932964970;862.7213;
584751972958928;862.7225;
584752012955803;862.7137;
584752052960803;862.7125;
584752092936012;862.7100;
584752132925803;862.7075;
584752172929189;862.7087;
584752212927366;862.7087;
584752252958199;862.7100;
584752292994345;862.7050;
584752332957939;862.7050;
584752372953512;862.7037;
584752412955022;862.7087;
584752452953199;862.7100;
584752492955595;862.7137;
584752532959449;862.7150;
584752572963616;862.7087;
584752612955022;862.7087;
584752652958928;862.7037;
584752692954241;862.7025;
584752732965178;862.7012;
584752772962053;862.7025;
584752812957366;862.7025;
584752852957887;862.7050;
584752892962053;862.7062;
584752932963720;862.7050;
584752972935699;862.7000;
584753012962106;862.7037;
584753052953512;862.7100;
584753092938772;862.7125;
584753132931012;862.7125;
584753172929137;862.7112;
584753212967262;862.7162;
584753252957366;862.7112;
584753292956116;862.7125;
584753332951116;862.7137;
584753372955022;862.7238;
584753412951949;862.7325;
584753452954866;862.7387;
584753492955595;862.7387;
584753532958199;862.7437;
584753572955595;862.7475;
584753612957106;862.7475;
584753652962366;862.7525;
584753692959449;862.7425;
584753732962053;862.7500;
584753772958928;862.7587;
584753812953720;862.7625;
584753852956845;862.7700;
584753892952470;862.7687;
584753932959189;862.7725;
584753972958928;862.7700;
584754012958720;862.7725;
584754052937783;862.7775;
584754092936012;862.7813;
584754132930856;862.7775;
584754172931637;862.7825;
584754212952158;862.7725;
584754252957106;862.7737;
584754292952470;862.7712;
584754332958199;862.7687;
584754372952939;862.7675;
584754412960283;862.7700;
584754452952991;862.7675;
584754492955595;862.7662;
584754532960283;862.7637;
584754572959241;862.7650;
584754612952470;862.7687;
584754652962574;862.7700;
584754692960283;862.7687;
584754732958720;862.7625;
584754772965439;862.7612;
584754812945908;862.7575;
584754852963095;862.7587;
584754892954033;862.7500;
584754932956324;862.7437;
584754972955595;862.7425;
584755012943095;862.7337;
584755052930178;862.7238;
584755092929137;862.7375;
584755132928303;862.7412;
584755172955022;862.7412;
584755212953512;862.7475;
584755252952158;862.7500;
584755292952158;862.7537;
584755332954762;862.7600;
584755372958408;862.7675;
584755412955022;862.7775;
584755452957678;862.7800;
584755492956949;862.7825;
584755532954553;862.7800;
584755572959970;862.7800;
584755612953512;862.7775;
584755652957887;862.7712;
584755692956637;862.7762;
584755732962887;862.7737;
584755772962366;862.7750;
584755812952783;862.7775;
584755852958199;862.7700;
584755892955803;862.7725;
584755932956116;862.7687;
584755972930803;862.7725;
584756012936324;862.7737;
584756052942053;862.7800;
584756092946220;862.7863;
584756132955803;862.7825;
584756172957678;862.7850;
584756212953199;862.7962;
584756252956324;862.8025;
584756292955283;862.7950;
584756332966741;862.7913;
584756372954553;862.7875;
584756412954033;862.7888;
584756452958720;862.7913;
584756492957366;862.7900;
584756532959449;862.7913;
584756572959762;862.7913;
584756612952783;862.7937;
584756652962887;862.7838;
584756692957887;862.7813;
584756732962887;862.7813;
584756772962887;862.7825;
584756812957887;862.7888;
584756852963356;862.7825;
584756892957678;862.7863;
584756932977470;862.7787;
584756972923199;862.7875;
584757012920803;862.7888;
584757052930022;862.7913;
584757092953199;862.7775;
584757132951949;862.7725;
584757172954033;862.7813;
584757212953720;862.7787;
584757252957887;862.7975;
584757292956845;862.7937;
584757332952939;862.7950;
584757372959762;862.7937;
584757412954033;862.7937;
584757452956324;862.7975;
584757492956116;862.8000;
584757532959241;862.8000;
584757572962366;862.8062;
584757612956845;862.8050;
584757652956637;862.8137;
584757692959553;862.8100;
584757732961324;862.8100;
584757772956845;862.8062;
584757812964762;862.8087;
584757852957106;862.8050;
584757892921428;862.8012;
584757932930699;862.7987;
584757972927574;862.8037;
584758012935699;862.8025;
584758052975074;862.8087;
584758092957106;862.8062;
584758132959189;862.8037;
584758172955595;862.8025;
584758212953199;862.7937;
584758252957366;862.7975;
584758292954033;862.7950;
584758332956637;862.8025;
584758372955595;862.8100;
584758412958408;862.8150;
584758452959762;862.8125;
584758492955022;862.8175;
584758532961845;862.8150;
584758572958199;862.8187;
584758612957366;862.8187;
584758652956845;862.8162;
584758692956324;862.8125;
584758732961533;862.8050;
584758772960803;862.8087;
584758812962106;862.8087;
584758852949606;862.8087;
584758892930178;862.8100;
584758932952366;862.8062;
584758972928095;862.8212;
584759012939449;862.8275;
584759052958408;862.8312;
584759092956324;862.8225;
584759132956324;862.8250;
584759172955022;862.8300;
584759212957158;862.8312;
584759252957366;862.8250;
584759292953512;862.8262;
584759332958928;862.8200;
584759372956116;862.8137;
584759412954241;862.8087;
584759452956116;862.8075;
584759492959970;862.8075;
584759532968303;862.8025;
584759572959189;862.8112;
584759612948356;862.8075;
584759652955595;862.8112;
584759692957106;862.8150;
584759732961272;862.8162;
584759772963356;862.8237;
584759812927991;862.8212;
584759852929345;862.8262;
584759892923616;862.8200;
584759932926012;862.8212;
584759972930074;862.8200;
584760012958720;862.8237;
584760052957366;862.8162;
584760092962053;862.8200;
584760132958928;862.8200;
584760172956637;862.8262;
584760212951949;862.8275;
584760252955803;862.8275;
584760292956116;862.8212;
584760332955074;862.8200;
584760372963616;862.8275;
584760412952158;862.8225;
584760452963095;862.8237;
584760492957939;862.8250;
584760532958408;862.8275;
584760572960491;862.8187;
584760612955022;862.8200;
584760652957887;862.8187;
584760692958720;862.8225;
584760732958199;862.8225;
584760772962522;862.8200;
584760812928824;862.8262;
584760852929449;862.8175;
584760892928199;862.8237;
584760932948095;862.8312;
584760972953720;862.8312;
584761012951428;862.8275;
584761052956116;862.8225;
584761092955283;862.8212;
584761132955283;862.8212;
584761172952991;862.8200;
584761212952678;862.8175;
584761252952678;862.8137;
584761292953199;862.8125;
584761332955283;862.8200;
584761372958928;862.8187;
584761412953512;862.8225;
584761452954033;862.8212;
584761492954241;862.8275;
584761532958928;862.8175;
584761572956116;862.8212;
584761612954553;862.8187;
584761652955022;862.8237;
584761692954553;862.8250;
584761732929033;862.8250;
584761772950699;862.8300;
584761812939449;862.8300;
584761852928928;862.8362;
584761892927262;862.8375;
584761932952678;862.8350;
584761972946689;862.8350;
584762012953199;862.8362;
584762052952158;862.8362;
584762092952470;862.8362;
584762132954033;862.8412;
584762172953512;862.8375;
584762212952991;862.8325;
584762252952939;862.8350;
584762292954553;862.8312;
584762332952158;862.8337;
584762372953199;862.8250;
584762412953303;862.8225;
584762452955283;862.8162;
584762492955856;862.8100;
584762532955022;862.8162;
584762572954033;862.8200;
584762612953512;862.8187;
584762652952939;862.8287;
584762692955595;862.8287;
584762732927887;862.8325;
584762772935387;862.8312;
584762812928772;862.8362;
584762852929189;862.8350;
584762892959553;862.8287;
584762932955595;862.8250;
584762972955022;862.8275;
584763012954866;862.8250;
584763052953512;862.8175;
584763092953720;862.8225;
584763132952939;862.8187;
584763172952678;862.8287;
584763212952678;862.8275;
584763252954345;862.8337;
584763292955022;862.8262;
584763332955595;862.8325;
584763372952939;862.8400;
584763412952939;862.8362;
584763452955283;862.8438;
584763492953720;862.8475;
584763532956324;862.8488;
584763572955283;862.8562;
584763612956116;862.8525;
584763652956324;862.8525;
584763692951949;862.8475;
584763732931012;862.8500;
584763772930595;862.8575;
584763812928928;862.8513;
584763852934762;862.8513;
584763892952678;862.8488;
584763932953720;862.8500;
584763972952158;862.8400;
584764012951689;862.8412;
584764052954033;862.8400;
584764092953199;862.8375;
584764132952470;862.8337;
584764172952158;862.8400;
584764212952939;862.8438;
584764252953199;862.8425;
584764292949866;862.8375;
584764332947262;862.8412;
584764372955283;862.8463;
584764412953720;862.8500;
584764452958199;862.8375;
584764492956637;862.8450;
584764532956637;862.8375;
584764572954553;862.8438;
584764612956324;862.8300;
584764652954241;862.8362;
584764692928928;862.8312;
584764732928199;862.8300;
584764772929970;862.8312;
584764812928616;862.8350;
584764852953720;862.8375;
584764892954553;862.8275;
584764932958512;862.8362;
584764972954762;862.8450;
584765012955595;862.8375;
584765052955803;862.8325;
584765092954033;862.8262;
584765132956324;862.8200;
584765172954553;862.8037;
584765212951949;862.7937;
584765252956637;862.7888;
584765292954553;862.7850;
584765332956845;862.7888;
584765372958199;862.7900;
584765412954033;862.7962;
584765452956845;862.8037;
584765492958928;862.8062;
584765532958199;862.8000;
584765572957366;862.8050;
584765612957158;862.7950;
584765652929606;862.7850;
584765692929033;862.7800;
584765732927678;862.7863;
584765772938512;862.7925;
584765812955595;862.7987;
584765852950387;862.7987;
584765892954866;862.7813;
584765932953199;862.7863;
584765972952939;862.7775;
584766012954033;862.7675;
584766052953720;862.7462;
584766092953512;862.7387;
584766132957366;862.7325;
584766172957678;862.7275;
584766212956116;862.7213;
584766252958199;862.7188;
584766292958720;862.7162;
584766332958720;862.7175;
584766372955022;862.7075;
584766412955283;862.7075;
584766452954033;862.6962;
584766492954241;862.7175;
584766532952262;862.7337;
584766572956324;862.7550;
584766612975699;862.7600;
584766652942262;862.7762;
584766692928824;862.7750;
584766732930803;862.7962;
584766772952939;862.7888;
584766812957366;862.7975;
584766852954033;862.7888;
584766892951689;862.7937;
584766932954553;862.8037;
584766972958720;862.8075;
584767012956845;862.8062;
584767052953512;862.8025;
584767092960283;862.8000;
584767132954553;862.7987;
584767172956637;862.7987;
584767212953199;862.8000;
584767252959189;862.7975;
584767292961533;862.7987;
584767332935387;862.8012;
584767372952783;862.8012;
584767412954553;862.7962;
584767452956637;862.7962;
584767492954241;862.7987;
584767532958720;862.7962;
584767572974137;862.7950;
584767612929345;862.8100;
584767652929345;862.7987;
584767692927887;862.7913;
584767732974866;862.7900;
584767772977678;862.8000;
584767812954553;862.8012;
584767852956845;862.7925;
584767892955022;862.7838;
584767932954762;862.7888;
584767972955283;862.7850;
584768012954762;862.7800;
584768052955595;862.7725;
584768092958720;862.7700;
584768132954033;862.7650;
584768172956116;862.7650;
584768212952470;862.7625;
584768252961116;862.7600;
584768292955803;862.7675;
584768332966533;862.7650;
584768372960491;862.7625;
584768412955803;862.7662;
584768452956116;862.7825;
584768492955595;862.7537;
584768532949866;862.7537;
584768572931012;862.7550;
584768612927470;862.7550;
584768652929970;862.7425;
584768692927939;862.7487;
584768732956324;862.7525;
584768772956324;862.7650;
584768812954345;862.7712;
584768852955803;862.7787;
584768892954553;862.7800;
584768932958199;862.7838;
584768972959189;862.7850;
584769012955283;862.7800;
584769052951428;862.7838;
584769092955283;862.7838;
584769132955595;862.7888;
584769172956324;862.7925;
584769212953199;862.7987;
584769252957158;862.7975;
584769292954762;862.7937;
584769332955022;862.7913;
584769372955022;862.7825;
584769412956116;862.7825;
584769452954553;862.7800;
584769492953720;862.7850;
584769532937158;862.7863;
584769572930074;862.7850;
584769612927887;862.7875;
584769652928303;862.7900;
584769692955074;862.7913;
584769732954553;862.7888;
584769772954345;862.7863;
584769812953720;862.7863;
584769852956116;862.7875;
584769892956116;862.7913;
584769932959762;862.7913;
584769972952470;862.7925;
584770012961272;862.7962;
584770052958720;862.7950;
584770092955074;862.7925;
584770132956116;862.7863;
584770172954762;862.7813;
584770212953512;862.7712;
584770252953720;862.7662;
584770292957106;862.7637;
584770332970439;862.7550;
584770372957106;862.7450;
584770412957366;862.7475;
584770452952470;862.7375;
584770492930178;862.7300;
584770532943303;862.7275;
584770572927053;862.7350;
584770612928824;862.7362;
584770652955803;862.7350;
584770692954241;862.7362;
584770732957366;862.7337;
584770772957366;862.7400;
584770812951949;862.7425;
584770852954033;862.7400;
584770892952158;862.7462;
584770932955022;862.7425;
584770972954866;862.7400;
584771012960283;862.7325;
584771052956324;862.7325;
584771092958199;862.7325;
584771132957106;862.7350;
584771172956116;862.7387;
584771212952678;862.7387;
584771252951428;862.7462;
584771292955283;862.7462;
584771332957678;862.7475;
584771372960803;862.7437;
584771412957678;862.7462;
584771452929345;862.7412;
584771492921533;862.7437;
584771532929606;862.7375;
584771572929866;862.7362;
584771612955595;862.7362;
584771652956324;862.7387;
584771692964449;862.7325;
584771732955283;862.7263;
584771772954553;862.7275;
584771812954553;862.7337;
584771852954033;862.7337;
584771892954762;862.7312;
584771932953512;862.7288;
584771972956845;862.7263;
584772012956845;862.7325;
584772052957678;862.7300;
584772092961324;862.7312;
584772132957366;862.7238;
584772172962574;862.7238;
584772212950595;862.7300;
584772252955283;862.7263;
584772292954241;862.7213;
584772332956845;862.7238;
584772372956324;862.7250;
584772412931220;862.7225;
584772452928512;862.7213;
584772492927887;862.7225;
584772532930178;862.7213;
584772572961845;862.7200;
584772612953720;862.7150;
584772652954762;862.7162;
584772692956845;862.7137;
584772732952939;862.7150;
584772772960803;862.7125;
584772812951428;862.7162;
584772852954241;862.7150;
584772892955022;862.7087;
584772932958408;862.7100;
584772972959970;862.7100;
584773012954553;862.7025;
584773052957366;862.6975;
584773092953720;862.6975;
584773132956324;862.6975;
584773172957678;862.7012;
584773212955595;862.7012;
584773252958720;862.7000;
584773292959449;862.7012;
584773332955803;862.7000;
584773372928095;862.6950;
584773412929241;862.6925;
584773452928720;862.6950;
584773492928356;862.6950;
584773532962574;862.6937;
584773572955595;862.6862;
584773612951949;862.6962;
584773652957678;862.6862;
584773692953512;862.6950;
584773732956116;862.6925;
584773772958720;862.7000;
584773812958408;862.6950;
584773852956637;862.6950;
584773892957470;862.6987;
584773932957106;862.7025;
584773972957366;862.7087;
584774012956637;862.7112;
584774052957887;862.7100;
584774092955803;862.7112;
584774132961012;862.7150;
584774172955283;862.7175;
584774212957158;862.7225;
584774252952678;862.7312;
584774292957083;862.7275;
584774332931614;862.7300;
584774372933124;862.7288;
584774412927031;862.7238;
584774452927031;862.7263;
584774492927395;862.7312;
584774532956041;862.7325;
584774572955312;862.7238;
584774612953697;862.7250;
584774652952395;862.7200;
584774692953958;862.7238;
584774732952395;862.7175;
584774772954999;862.7150;
584774812956041;862.7137;
584774852952395;862.7162;
584774892961041;862.7150;
584774932949791;862.7062;
584774972953697;862.7125;
584775012957187;862.7112;
584775052957083;862.7137;
584775092951145;862.7100;
584775132955520;862.7012;
584775172953697;862.7037;
584775212954478;862.7125;
584775252953437;862.7062;
584775292949791;862.7037;
584775332928697;862.6975;
584775372927812;862.6950;
584775412929791;862.6987;
584775452926978;862.6862;
584775492954478;862.6962;
584775532955781;862.6987;
584775572955520;862.6925;
584775612953228;862.6987;
584775652952395;862.7075;
584775692956874;862.7075;
584775732954270;862.7125;
584775772958645;862.7275;
584775812951874;862.7238;
584775852957603;862.7425;
584775892954270;862.7450;
584775932957864;862.7475;
584775972957187;862.7512;
584776012955781;862.7487;
584776052950624;862.7462;
584776092927603;862.7450;
584776132956041;862.7500;
584776172956353;862.7475;
584776212954478;862.7512;
584776252953228;862.7487;
584776292929270;862.7475;
584776332929583;862.7412;
584776372929374;862.7425;
584776412937916;862.7475;
584776452953437;862.7487;
584776492954270;862.7562;
584776532950833;862.7475;
584776572949791;862.7475;
584776612952395;862.7500;
584776652949531;862.7500;
584776692949791;862.7587;
584776732957603;862.7625;
584776772957395;862.7687;
584776812955781;862.7725;
584776852953697;862.7775;
584776892955312;862.7775;
584776932954478;862.7787;
584776972954999;862.7787;
584777012965728;862.7863;
584777052954999;862.7813;
584777092954270;862.7762;
584777132952708;862.7750;
584777172957864;862.7687;
584777212951145;862.7587;
584777252953020;862.7612;
584777292919270;862.7600;
584777332931353;862.7675;
584777372927916;862.7750;
584777412952187;862.7750;
584777452956353;862.7737;
584777492951145;862.7750;
584777532952708;862.7838;
584777572952187;862.7900;
584777612953958;862.7888;
584777652956874;862.7900;
584777692953958;862.7987;
584777732952187;862.7975;
584777772957864;862.7900;
584777812953958;862.7937;
584777852960208;862.7962;
584777892961041;862.7962;
584777932962031;862.7962;
584777972958645;862.8025;
584778012963124;862.8012;
584778052958645;862.7987;
584778092961041;862.7987;
584778132956353;862.8075;
584778172961041;862.8075;
584778212929478;862.8100;
584778252930103;862.8087;
584778292927499;862.8062;
584778332933541;862.8012;
584778372963124;862.8075;
584778412953228;862.8037;
584778452953958;862.7987;
584778492953228;862.8000;
584778532954478;862.8075;
584778572952916;862.8037;
584778612951145;862.8087;
584778652954270;862.8100;
584778692958124;862.8162;
584778732954270;862.8075;
584778772955312;862.8062;
584778812954478;862.8050;
584778852954791;862.8150;
584778892956041;862.8125;
584778932957395;862.8150;
584778972953437;862.8162;
584779012954478;862.8225;
584779052953958;862.8262;
584779092956562;862.8262;
584779132957603;862.8262;
584779172944687;862.8250;
584779212928228;862.8187;
584779252926874;862.8212;
584779292928645;862.8225;
584779332942708;862.8237;
584779372955312;862.8275;
584779412951353;862.8300;
584779452952187;862.8337;
584779492951666;862.8312;
584779532953958;862.8375;
584779572956562;862.8438;
584779612951145;862.8438;
584779652956353;862.8362;
584779692954999;862.8475;
584779732953958;862.8463;
584779772956041;862.8387;
584779812955833;862.8425;
584779852954999;862.8375;
584779892953958;862.8400;
584779932956353;862.8400;
584779972958958;862.8450;
584780012955781;862.8450;
584780052957083;862.8488;
584780092954478;862.8425;
584780132954791;862.8362;
584780172928437;862.8362;
584780212926614;862.8387;
584780252939374;862.8412;
584780292925520;862.8450;
584780332953697;862.8325;
584780372954791;862.8375;
584780412951145;862.8362;
584780452952708;862.8450;
584780492950833;862.8450;
584780532951145;862.8412;
584780572955520;862.8438;
584780612952187;862.8450;
584780652958437;862.8475;
584780692954999;862.8475;
584780732953697;862.8488;
584780772958437;862.8513;
584780812955781;862.8500;
584780852952395;862.8475;
584780892956353;862.8538;
584780932954999;862.8488;
584780972958437;862.8362;
584781012955520;862.8375;
584781052955312;862.8362;
584781092952187;862.8412;
584781132920937;862.8475;
584781172932812;862.8475;
584781212933333;862.8412;
584781252931458;862.8475;
584781292952187;862.8488;
584781332954270;862.8538;
584781372952708;862.8525;
584781412950103;862.8538;
584781452954999;862.8513;
584781492953697;862.8488;
584781532955781;862.8538;
584781572955312;862.8550;
584781612949062;862.8538;
584781652952708;862.8600;
584781692958124;862.8550;
584781732953437;862.8450;
584781772957708;862.8475;
584781812952708;862.8475;
584781852952916;862.8400;
584781892955312;862.8375;
584781932958437;862.8412;
584781972954999;862.8387;
584782012955781;862.8350;
584782052954270;862.8425;
584782092919374;862.8400;
584782132927708;862.8412;
584782172927395;862.8463;
584782212926458;862.8488;
584782252954270;862.8475;
584782292951666;862.8475;
584782332960208;862.8500;
584782372954999;862.8513;
584782412953437;862.8525;
584782452952187;862.8538;
584782492954999;862.8600;
584782532952395;862.8587;
584782572955312;862.8525;
584782612951145;862.8587;
584782652954270;862.8612;
584782692954478;862.8675;
584782732954270;862.8587;
584782772954999;862.8550;
584782812952187;862.8637;
584782852956041;862.8600;
584782892952916;862.8587;
584782932954478;862.8587;
584782972955312;862.8587;
584783012948541;862.8550;
584783052976145;862.8525;
584783092926145;862.8575;
584783132926978;862.8525;
584783172926458;862.8488;
584783212980312;862.8538;
584783252971666;862.8513;
584783292954478;862.8562;
584783332952708;862.8600;
584783372955312;862.8575;
584783412952916;862.8500;
584783452951145;862.8450;
584783492951614;862.8450;
584783532953437;862.8475;
584783572956041;862.8550;
584783612952187;862.8562;
584783652954791;862.8575;
584783692949531;862.8600;
584783732956874;862.8525;
584783772955781;862.8562;
584783812951874;862.8525;
584783852954999;862.8525;
584783892949270;862.8538;
584783932956041;862.8587;
584783972957083;862.8525;
584784012925781;862.8500;
584784052923437;862.8463;
584784092925728;862.8488;
584784132927395;862.8575;
584784172922395;862.8500;
584784212951353;862.8438;
584784252953958;862.8450;
584784292950312;862.8275;
584784332951145;862.8212;
584784372954478;862.8075;
584784412953958;862.8087;
584784452956041;862.8187;
584784492954270;862.8225;
584784532955624;862.8262;
584784572959687;862.8275;
584784612951874;862.8362;
584784652956041;862.8362;
584784692951353;862.8412;
584784732952708;862.8362;
584784772953697;862.8450;
584784812949374;862.8475;
584784852954791;862.8525;
584784892954531;862.8488;
584784932953697;862.8500;
584784972950312;862.8425;
584785012937083;862.8438;
584785052926978;862.8450;
584785092926614;862.8425;
584785132926770;862.8438;
584785172956041;862.8438;
584785212950833;862.8425;
584785252951145;862.8400;
584785292956041;862.8425;
584785332954270;862.8475;
584785372951145;862.8550;
584785412949791;862.8625;
584785452952916;862.8550;
584785492951145;862.8538;
584785532954999;862.8575;
584785572956041;862.8475;
584785612950833;862.8475;
584785652952708;862.8538;
584785692952447;862.8412;
584785732953228;862.8425;
584785772952395;862.8500;
584785812952395;862.8488;
584785852954478;862.8550;
584785892953228;862.8600;
584785932950624;862.8513;
584785972922447;862.8575;
584786012927031;862.8600;
584786052925728;862.8525;
584786092921666;862.8488;
584786132951353;862.8500;
584786172955781;862.8500;
584786212952708;862.8450;
584786252950833;862.8525;
584786292955312;862.8562;
584786332957603;862.8575;
584786372953958;862.8575;
584786412951145;862.8575;
584786452954999;862.8600;
584786492953697;862.8513;
584786532957603;862.8550;
584786572957864;862.8513;
584786612952708;862.8350;
584786652951145;862.8312;
584786692956353;862.8300;
584786732955520;862.8375;
584786772955103;862.8375;
584786812956353;862.8463;
584786852956353;862.8525;
584786892952708;862.8488;
584786932920208;862.8538;
584786972924478;862.8525;
584787012927603;862.8387;
584787052933228;862.8412;
584787092952708;862.8500;
584787132953958;862.8525;
584787172954270;862.8500;
584787212952916;862.8463;
584787252951666;862.8425;
584787292951874;862.8400;
584787332953541;862.8375;
584787372954270;862.8375;
584787412950624;862.8375;
584787452954062;862.8500;
584787492951353;862.8538;
584787532955781;862.8575;
584787572954270;862.8575;
584787612955312;862.8712;
584787652956353;862.8712;
584787692949791;862.8687;
584787732955520;862.8662;
584787772951145;862.8612;
584787812947187;862.8587;
584787852955520;862.8450;
584787892957187;862.8312;
584787932928333;862.8237;
584787972927083;862.8162;
584788012928437;862.8075;
584788052959166;862.8037;
584788092950312;862.8012;
584788132953958;862.7975;
584788172949791;862.7787;
584788212951874;862.7625;
584788252949270;862.7550;
584788292958645;862.7437;
584788332958958;862.7450;
584788372954791;862.7475;
584788412951874;862.7525;
584788452953437;862.7500;
584788492955520;862.7487;
584788532955833;862.7550;
584788572954791;862.7487;
584788612951874;862.7500;
584788652957395;862.7537;
584788692956353;862.7562;
584788732953697;862.7450;
584788772959478;862.7475;
584788812959687;862.7437;
584788852926614;862.7400;
584788892937708;862.7288;
584788932927812;862.7213;
584788972926249;862.7263;
584789012979999;862.7362;
584789052956874;862.7362;
584789092952708;862.7325;
584789132952395;862.7200;
584789172953697;862.7200;
584789212951145;862.7238;
584789252955312;862.7188;
584789292959478;862.7137;
584789332956562;862.7162;
584789372957864;862.7250;
584789412953958;862.7387;
584789452953958;862.7600;
584789492951614;862.7750;
584789532957083;862.7800;
584789572955312;862.7875;
584789612956353;862.7975;
584789652957083;862.8062;
584789692954791;862.8100;
584789732953228;862.8175;
584789772954270;862.8212;
584789812955624;862.8287;
584789852935312;862.8300;
584789892926874;862.8287;
584789932927395;862.8312;
584789972926978;862.8362;
584790012954999;862.8337;
584790052953228;862.8337;
584790092950624;862.8300;
584790132954999;862.8350;
584790172950624;862.8450;
584790212951874;862.8387;
584790252956353;862.8312;
584790292955312;862.8275;
584790332955312;862.8237;
584790372958958;862.8262;
584790412953541;862.8187;
584790452952916;862.8112;
584790492954478;862.8137;
584790532956353;862.8112;
584790572957395;862.8137;
584790612953958;862.8237;
584790652956145;862.8350;
584790692952187;862.8412;
584790732953228;862.8325;
584790772928853;862.8425;
584790812928333;862.8450;
584790852927395;862.8425;
584790892927291;862.8312;
584790932926562;862.8425;
584790972956353;862.8387;
584791012954999;862.8350;
584791052954791;862.8212;
584791092952447;862.8275;
584791132953437;862.8250;
584791172952916;862.8275;
584791212953228;862.8250;
584791252956041;862.8225;
584791292949270;862.8187;
584791332924114;862.8175;
584791372956353;862.8250;
584791412952187;862.8237;
584791452955103;862.8262;
584791492957864;862.8225;
584791532957603;862.8125;
584791572956353;862.8125;
584791612954270;862.8187;
584791652960520;862.8250;
584791692958437;862.8262;
584791732949791;862.8250;
584791772929895;862.8200;
584791812928281;862.8212;
584791852931145;862.8225;
584791892931145;862.8362;
584791932951614;862.8237;
584791972954270;862.8187;
584792012957864;862.8187;
584792052950833;862.8212;
584792092953437;862.8187;
584792132952395;862.8112;
584792172954999;862.8125;
584792212956041;862.8175;
584792252952708;862.8137;
584792292955312;862.8075;
584792332953333;862.8162;
584792372959478;862.8237;
584792412952708;862.8112;
584792452954270;862.8100;
584792492957395;862.8062;
584792532955520;862.7962;
584792572954270;862.8100;
584792612951874;862.8100;
584792652952916;862.8100;
584792692950103;862.8125;
584792732942603;862.8137;
584792772929166;862.8150;
584792812926562;862.8175;
584792852926197;862.8150;
584792892950833;862.8087;
584792932954478;862.8162;
584792972953697;862.8137;
584793012957395;862.8100;
584793052952395;862.8112;
584793092955312;862.8162;
584793132954999;862.8187;
584793172952916;862.8187;
584793212952708;862.8237;
584793252955520;862.8175;
584793292955520;862.8225;
584793332938541;862.8237;
584793372953228;862.8300;
584793412952708;862.8212;
584793452957083;862.8162;
584793492954999;862.8112;
584793532955312;862.8050;
584793572963333;862.8012;
584793612955781;862.7962;
584793652958437;862.7888;
584793692950624;862.7913;
584793732930937;862.7888;
584793772928645;862.7825;
584793812927395;862.7787;
584793852975833;862.7825;
584793892952395;862.7775;
584793932951874;862.7762;
584793972950833;862.7737;
584794012958124;862.7737;
584794052950624;862.7750;
584794092951353;862.7687;
584794132960520;862.7762;
584794172952708;862.7675;
584794212952395;862.7675;
584794252955103;862.7612;
584794292955312;862.7600;
584794332959166;862.7550;
584794372955781;862.7575;
584794412951145;862.7550;
584794452952395;862.7612;
584794492954270;862.7650;
584794532955781;862.7712;
584794572954999;862.7675;
584794612952916;862.7687;
584794652953853;862.7662;
584794692934062;862.7637;
584794732941562;862.7612;
584794772927291;862.7637;
584794812947812;862.7650;
584794852955520;862.7600;
584794892956562;862.7525;
584794932956041;862.7550;
584794972954999;862.7537;
584795012959478;862.7475;
584795052952708;862.7437;
584795092955520;862.7462;
584795132956562;862.7487;
584795172955781;862.7487;
584795212954531;862.7450;
584795252959947;862.7475;
584795292956562;862.7462;
584795332957395;862.7462;
584795372955781;862.7500;
584795412951874;862.7575;
584795452957083;862.7562;
584795492953541;862.7500;
584795532956874;862.7537;
584795572956145;862.7575;
584795612955103;862.7562;
584795652936978;862.7550;
584795692926145;862.7537;
584795732929374;862.7512;
584795772928437;862.7550;
584795812952187;862.7512;
584795852953958;862.7487;
584795892952187;862.7500;
584795932953697;862.7475;
584795972954270;862.7500;
584796012961249;862.7525;
584796052953437;862.7525;
584796092953437;862.7475;
584796132955312;862.7487;
584796172950624;862.7487;
584796212951614;862.7512;
584796252956562;862.7475;
584796292959947;862.7512;
584796332956145;862.7462;
584796372956562;862.7450;
584796412953958;862.7450;
584796452952708;862.7375;
584796492952395;862.7387;
584796532954478;862.7400;
584796572951874;862.7412;
584796612920103;862.7400;
584796652926458;862.7400;
584796692926041;862.7387;
584796732928124;862.7375;
584796772955781;862.7387;
584796812952395;862.7437;
584796852952708;862.7450;
584796892955312;862.7525;
584796932955833;862.7512;
584796972952708;862.7450;
584797012958437;862.7425;
584797052952916;862.7475;
584797092954270;862.7462;
584797132953958;862.7450;
584797172953958;862.7475;
584797212952187;862.7425;
584797252953228;862.7412;
584797292958124;862.7412;
584797332958124;862.7412;
584797372958124;862.7412;
584797412954478;862.7450;
584797452955833;862.7475;
584797492950312;862.7400;
584797532954270;862.7412;
584797572927864;862.7375;
584797612926145;862.7337;
584797652926562;862.7337;
584797692931249;862.7300;
584797732954478;862.7312;
584797772954791;862.7350;
584797812952187;862.7362;
584797852952187;862.7375;
584797892953228;862.7400;
584797932952708;862.7437;
584797972949531;862.7425;
584798012959166;862.7437;
584798052956353;862.7500;
584798092953437;862.7525;
584798132958437;862.7550;
584798172954999;862.7550;
584798212950103;862.7525;
584798252953697;862.7475;
584798292954270;862.7487;
584798332962812;862.7462;
584798372956562;862.7512;
584798412957864;862.7487;
584798452952135;862.7450;
584798492926978;862.7525;
584798532930103;862.7512;
584798572921197;862.7450;
584798612926353;862.7462;
584798652928541;862.7462;
584798692958958;862.7462;
584798732976353;862.7462;
584798772958958;862.7462;
584798812951614;862.7537;
584798852951614;862.7462;
584798892952395;862.7487;
584798932953437;862.7500;
584798972952916;862.7512;
584799012964114;862.7512;
584799052960728;862.7475;
584799092958437;862.7462;
584799132956353;862.7487;
584799172956353;862.7487;
584799212951874;862.7512;
584799252953437;862.7512;
584799292953697;862.7462;
584799332960208;862.7475;
584799372955781;862.7487;
584799412954791;862.7525;
584799452955520;862.7512;
584799492921666;862.7537;
584799532942864;862.7550;
584799572927083;862.7562;
584799612927499;862.7475;
584799652970103;862.7500;
584799692954999;862.7575;
584799732956041;862.7512;
584799772952395;862.7487;
584799812955103;862.7512;
584799852954478;862.7475;
584799892953020;862.7512;
584799932953437;862.7462;
584799972950833;862.7487;
584800012967031;862.7525;
584800052955520;862.7537;
584800092953958;862.7487;
584800132958437;862.7437;
584800172954791;862.7450;
584800212953958;862.7462;
584800252960312;862.7487;
584800292951614;862.7437;
584800332953697;862.7500;
584800372955520;862.7437;
584800412952708;862.7412;
584800452950103;862.7475;
584800492935208;862.7512;
584800532940416;862.7512;
584800572928020;862.7450;
584800612931458;862.7462;
584800652955781;862.7400;
584800692952187;862.7425;
584800732950312;862.7425;
584800772953697;862.7462;
584800812951353;862.7475;
584800852953228;862.7512;
584800892949791;862.7537;
584800932952395;862.7475;
584800972956614;862.7600;
584801012958124;862.7587;
584801052959478;862.7637;
584801092956353;862.7662;
584801132957395;862.7712;
584801172959687;862.7687;
584801212956874;862.7662;
584801252950103;862.7675;
584801292952916;862.7662;
584801332957603;862.7650;
584801372959478;862.7612;
584801412945728;862.7675;
584801452921770;862.7650;
584801492919583;862.7712;
584801532934687;862.7687;
584801572926562;862.7625;
584801612955312;862.7625;
584801652951874;862.7650;
584801692956562;862.7612;
584801732951874;862.7600;
584801772954791;862.7525;
584801812955520;862.7537;
584801852953697;862.7387;
584801892952916;862.7425;
584801932956041;862.7412;
584801972954478;862.7300;
584802012956562;862.7288;
584802052959270;862.7350;
584802092955624;862.7362;
584802132956041;862.7312;
584802172954791;862.7312;
584802212955520;862.7350;
584802252961562;862.7350;
584802292954791;862.7312;
584802332956353;862.7250;
584802372947499;862.7250;
584802412927395;862.7300;
584802452928853;862.7300;
584802492936874;862.7362;
584802532931353;862.7437;
584802572954791;862.7500;
584802612952916;862.7587;
584802652955312;862.7600;
584802692951145;862.7612;
584802732951406;862.7637;
584802772953697;862.7637;
584802812952916;862.7675;
584802852954999;862.7650;
584802892957395;862.7650;
584802932956041;862.7537;
584802972955781;862.7512;
584803012960208;862.7500;
584803052956874;862.7525;
584803092954791;862.7525;
584803132956353;862.7537;
584803172954999;862.7475;
584803212956614;862.7512;
584803252954791;862.7512;
584803292958437;862.7462;
584803332955781;862.7487;
584803372926562;862.7500;
584803412928333;862.7600;
584803452928020;862.7637;
584803492925520;862.7687;
584803532953228;862.7700;
584803572951353;862.7712;
584803612950103;862.7675;
584803652954478;862.7712;
584803692953749;862.7612;
584803732955520;862.7537;
584803772956041;862.7537;
584803812954999;862.7475;
584803852951614;862.7400;
584803892951145;862.7412;
584803932953228;862.7325;
584803972951614;862.7300;
584804012957395;862.7275;
584804052959687;862.7288;
584804092955781;862.7238;
584804132958124;862.7125;
584804172956874;862.7137;
584804212957395;862.7062;
584804252956874;862.7075;
584804292957603;862.7000;
584804332964166;862.6962;
584804372927291;862.6887;
584804412927812;862.6837;
584804452926145;862.6850;
584804492978958;862.6825;
584804532957603;862.6787;
584804572951353;862.6712;
584804612951145;862.6750;
584804652951353;862.6762;
584804692959687;862.6837;
584804732953958;862.6850;
584804772956353;862.6912;
584804812953228;862.6975;
584804852952395;862.7025;
584804892956353;862.7087;
584804932954478;862.7100;
584804972953437;862.7087;
584805012959478;862.7087;
584805052955312;862.7087;
584805092955312;862.7050;
584805132955312;862.7075;
584805172951145;862.7012;
584805212953228;862.7012;
584805252953958;862.7012;
584805292934374;862.7012;
584805332921562;862.6975;
584805372928645;862.7062;
584805412926770;862.7112;
584805452922447;862.7188;
584805492952708;862.7300;
584805532955781;862.7387;
584805572955781;862.7487;
584805612950103;862.7525;
584805652953697;862.7550;
584805692952708;862.7650;
584805732955312;862.7625;
584805772955312;862.7625;
584805812955781;862.7675;
584805852961562;862.7637;
584805892956353;862.7700;
584805932956353;862.7787;
584805972958958;862.7838;
584806012960520;862.7838;
584806052960520;862.7800;
584806092956041;862.7850;
584806132955781;862.7863;
584806172957187;862.7888;
584806212953437;862.7888;
584806252955520;862.7900;
584806292926353;862.7962;
584806332933749;862.7875;
584806372926770;862.7900;
584806412926353;862.7913;
584806452953697;862.7875;
584806492954999;862.7787;
584806532956041;862.7888;
584806572954999;862.7888;
584806612956145;862.7950;
584806652953749;862.7987;
584806692955312;862.8050;
584806732951145;862.7950;
584806772957083;862.7863;
584806812951145;862.7900;
584806852957187;862.7962;
584806892956562;862.8012;
584806932956353;862.8050;
584806972961041;862.8025;
584807012964374;862.8000;
584807052966197;862.8100;
584807092955312;862.8150;
584807132956353;862.8125;
584807172956874;862.8100;
584807212956145;862.8100;
584807252921041;862.8050;
584807292929062;862.8087;
584807332935103;862.8137;
584807372927291;862.8112;
584807412950833;862.8137;
584807452953749;862.8125;
584807492952916;862.8137;
584807532952187;862.8162;
584807572952708;862.8200;
584807612952708;862.8150;
584807652958124;862.8225;
584807692956041;862.8337;
584807732955103;862.8325;
584807772955781;862.8350;
584807812956041;862.8287;
584807852956562;862.8275;
584807892953958;862.8350;
584807932953697;862.8337;
584807972954999;862.8250;
584808012948020;862.8325;
584808052956041;862.8438;
584808092950833;862.8425;
584808132956041;862.8325;
584808172950312;862.8362;
584808212921614;862.8250;
584808252930728;862.8375;
584808292926458;862.8337;
584808332945624;862.8350;
584808372953697;862.8337;
584808412953697;862.8337;
584808452956562;862.8337;
584808492953228;862.8350;
584808532955781;862.8375;
584808572952187;862.8350;
584808612950833;862.8275;
584808652953228;862.8387;
584808692955312;862.8375;
584808732952395;862.8287;
584808772956041;862.8237;
584808812954791;862.8250;
584808852957083;862.8287;
584808892952395;862.8062;
584808932962603;862.8187;
584808972961562;862.8237;
584809012936978;862.8275;
584809052956874;862.8312;
584809092957864;862.8337;
584809132962603;862.8412;
584809172949583;862.8387;
584809212928541;862.8387;
584809252928124;862.8375;
584809292928541;862.8400;
584809332955520;862.8425;
584809372952916;862.8488;
584809412952187;862.8475;
584809452953697;862.8525;
584809492956353;862.8488;
584809532958124;862.8412;
584809572952916;862.8400;
584809612952395;862.8438;
584809652954270;862.8475;
584809692953228;862.8425;
584809732963333;862.8387;
584809772956041;862.8375;
584809812957395;862.8400;
584809852957187;862.8375;
584809892961041;862.8412;
584809932958437;862.8425;
584809972953437;862.8362;
584810012971145;862.8387;
584810052957916;862.8362;
584810092933541;862.8350;
584810132927395;862.8438;
584810172918853;862.8387;
584810212929062;862.8375;
584810252939374;862.8375;
584810292966770;862.8387;
584810332958437;862.8312;
584810372950364;862.8375;
584810412953228;862.8362;
584810452954478;862.8312;
584810492956041;862.8300;
584810532956041;862.8300;
584810572951874;862.8300;
584810612956041;862.8337;
584810652955520;862.8387;
584810692959947;862.8475;
584810732957603;862.8475;
584810772957187;862.8412;
584810812949791;862.8362;
584810852961353;862.8350;
584810892954478;862.8312;
584810932957864;862.8337;
584810972959478;862.8350;
584811012970937;862.8375;
584811052933541;862.8262;
584811092921770;862.8287;
584811132938645;862.8350;
584811172928958;862.8425;
584811212926249;862.8387;
584811252920416;862.8312;
584811292954478;862.8375;
584811332956562;862.8500;
584811372952708;862.8500;
584811412949791;862.8525;
584811452952708;862.8475;
584811492953228;862.8488;
584811532953228;862.8513;
584811572957083;862.8538;
584811612952708;862.8525;
584811652957083;862.8513;
584811692956562;862.8550;
584811732952916;862.8550;
584811772955781;862.8575;
584811812956874;862.8587;
584811852956353;862.8587;
584811892955781;862.8438;
584811932953749;862.8475;
584811972949895;862.8475;
584812012934062;862.8538;
584812052954478;862.8438;
584812092919583;862.8438;
584812132927291;862.8500;
584812172925624;862.8513;
584812212928541;862.8488;
584812252962603;862.8513;
584812292956041;862.8463;
584812332952708;862.8525;
584812372954999;862.8463;
584812412953958;862.8475;
584812452953697;862.8425;
584812492953228;862.8450;
584812532953228;862.8425;
584812572955781;862.8387;
584812612955520;862.8312;
584812652956353;862.8375;
584812692957395;862.8375;
584812732954791;862.8412;
584812772958645;862.8337;
584812812951353;862.8287;
584812852954062;862.8337;
584812892956874;862.8337;
584812932955781;862.8362;
584812972957395;862.8312;
584813012956562;862.8300;
584813052926145;862.8287;
584813092926978;862.8325;
584813132927603;862.8287;
584813172929478;862.8287;
584813212950833;862.8325;
584813252954478;862.8337;
584813292952708;862.8350;
584813332954791;862.8350;
584813372953958;862.8300;
584813412952395;862.8375;
584813452953437;862.8337;
584813492954999;862.8375;
584813532954999;862.8325;
584813572957395;862.8312;
584813612953958;862.8287;
584813652957603;862.8325;
584813692955520;862.8287;
584813732958124;862.8350;
584813772957187;862.8387;
584813812954791;862.8350;
584813852956562;862.8425;
584813892954791;862.8350;
584813932955781;862.8412;
584813972956562;862.8387;
584814012932916;862.8375;
584814052929478;862.8350;
584814092926145;862.8287;
584814132928541;862.8300;
584814172954270;862.8225;
584814212972447;862.8212;
584814252954270;862.8212;
584814292954478;862.8225;
584814332955312;862.8187;
584814372954478;862.8162;
584814412952708;862.8187;
584814452952708;862.8175;
584814492952187;862.8162;
584814532955781;862.8187;
584814572954791;862.8262;
584814612950624;862.8262;
584814652955312;862.8212;
584814692957083;862.8162;
584814732956874;862.8200;
584814772950833;862.8225;
584814812952447;862.8312;
584814852957083;862.8337;
584814892956874;862.8362;
584814932957083;862.8400;
584814972935312;862.8362;
584815012930364;862.8400;
584815052926874;862.8375;
584815092927031;862.8400;
584815132974062;862.8362;
584815172952187;862.8375;
584815212951874;862.8362;
584815252953697;862.8375;
584815292951145;862.8300;
584815332955781;862.8287;
584815372952916;862.8287;
584815412954478;862.8325;
584815452952916;862.8387;
584815492953437;862.8325;
584815532959687;862.8400;
584815572956041;862.8362;
584815612953437;862.8400;
584815652953437;862.8375;
584815692951145;862.8362;
584815732952395;862.8350;
584815772954270;862.8400;
584815812954270;862.8362;
584815852951353;862.8337;
584815892953697;862.8312;
584815932953958;862.8337;
584815972927603;862.8387;
584816012939374;862.8362;
584816052927864;862.8325;
584816092930103;862.8300;
584816132953697;862.8325;
584816172955312;862.8325;
584816212952187;862.8275;
584816252953958;862.8300;
584816292955520;862.8262;
584816332954478;862.8262;
584816372954999;862.8225;
584816412952395;862.8237;
584816452954270;862.8212;
584816492953958;862.8237;
584816532946197;862.8287;
584816572954478;862.8275;
584816612952916;862.8200;
584816652952708;862.8187;
584816692952187;862.8112;
584816732956041;862.8112;
584816772955520;862.8112;
584816812956562;862.8112;
584816852955781;862.8075;
584816892951874;862.8062;
584816932937031;862.8150;
584816972927864;862.8137;
584817012932812;862.8187;
584817052927031;862.8187;
584817092953697;862.8112;
584817132953228;862.8137;
584817172951614;862.8125;
584817212953749;862.8125;
584817252950624;862.8100;
584817292953228;862.8075;
584817332954062;862.7913;
584817372955781;862.7737;
584817412953228;862.7662;
584817452953958;862.7712;
584817492956353;862.7750;
584817532954270;862.7800;
584817572955781;862.7825;
584817612952708;862.7863;
584817652959947;862.7863;
584817692956145;862.7850;
584817732960208;862.7838;
584817772957864;862.7813;
584817812954791;862.7825;
584817852937812;862.7687;
584817892926562;862.7612;
584817932929166;862.7562;
584817972927603;862.7462;
584818012940208;862.7437;
584818052955103;862.7400;
584818092951874;862.7400;
584818132953958;862.7375;
584818172954999;862.7387;
584818212950624;862.7387;
584818252952708;862.7400;
584818292959947;862.7437;
584818332955781;862.7462;
584818372952708;862.7537;
584818412950833;862.7525;
584818452952395;862.7500;
584818492956562;862.7525;
584818532956874;862.7450;
584818572956041;862.7550;
584818612956562;862.7625;
584818652953228;862.7662;
584818692953228;862.7662;
584818732961041;862.7662;
584818772955312;862.7650;
584818812955312;862.7650;
584818852927603;862.7687;
584818892932291;862.7625;
584818932929791;862.7687;
584818972935624;862.7650;
584819012972187;862.7550;
584819052957708;862.7575;
584819092950312;862.7537;
584819132953749;862.7537;
584819172950624;862.7537;
584819212952187;862.7537;
584819252955781;862.7625;
584819292956041;862.7587;
584819332955781;862.7625;
584819372955833;862.7612;
584819412952916;862.7562;
584819452953228;862.7512;
584819492952708;862.7500;
584819532951874;862.7487;
584819572956562;862.7487;
584819612954270;862.7537;
584819652955520;862.7550;
584819692929478;862.7537;
584819732958645;862.7537;
584819772956145;862.7462;
584819812941353;862.7412;
584819852928853;862.7350;
584819892927187;862.7325;
584819932927812;862.7325;
584819972952916;862.7288;
584820012967812;862.7263;
584820052957083;862.7250;
584820092953958;862.7275;
584820132956041;862.7350;
584820172952916;862.7362;
584820212951874;862.7387;
584820252955520;862.7412;
584820292953437;862.7425;
584820332957603;862.7462;
584820372957083;862.7437;
584820412953958;862.7387;
584820452960520;862.7362;
584820492956353;862.7387;
584820532959478;862.7312;
584820572956353;862.7375;
584820612959687;862.7450;
584820652932603;862.7487;
584820692953437;862.7475;
584820732962031;862.7537;
584820772935208;862.7525;
584820812920937;862.7512;
584820852926770;862.7512;
584820892928333;862.7462;
584820932967499;862.7375;
584820972950312;862.7375;
584821012966458;862.7425;
584821052954999;862.7362;
584821092954791;862.7362;
584821132960520;862.7337;
584821172956353;862.7337;
584821212953228;862.7288;
584821252958645;862.7312;
584821292957395;862.7238;
584821332954791;862.7225;
584821372956562;862.7238;
584821412953437;862.7275;
584821452961041;862.7275;
584821492955520;862.7263;
584821532956874;862.7250;
584821572955833;862.7300;
584821612957603;862.7213;
584821652953437;862.7188;
584821692953697;862.7100;
584821732951145;862.7050;
584821772927395;862.7087;
584821812929478;862.7112;
584821852929999;862.7087;
584821892927812;862.7087;
584821932951353;862.7112;
584821972956353;862.7100;
584822012966770;862.7125;
584822052953228;862.7050;
584822092951874;862.7087;
584822132955520;862.7125;
584822172957395;862.7075;
584822212950624;862.7100;
584822252967291;862.7112;
584822292960208;862.7162;
584822332926874;862.7062;
584822372960728;862.7037;
584822412951614;862.7062;
584822452950103;862.7037;
584822492964895;862.7112;
584822532957083;862.7100;
584822572953958;862.7087;
584822612951145;862.7087;
584822652951145;862.7037;
584822692948541;862.7025;
584822732929166;862.7050;
584822772926978;862.6975;
584822812928853;862.6987;
584822852926041;862.6987;
584822892952708;862.6987;
584822932954791;862.6937;
584822972953697;862.6925;
584823012938228;862.6900;
584823052954270;862.6900;
584823092954531;862.6925;
584823132953958;862.6862;
584823172956874;862.6887;
584823212951353;862.6912;
584823252955781;862.6850;
584823292957083;862.6825;
584823332955520;862.6837;
584823372955312;862.6862;
584823412954999;862.6800;
584823452953958;862.6787;
584823492954478;862.6787;
584823532959166;862.6700;
584823572953958;862.6762;
584823612952708;862.6775;
584823652998020;862.6775;
584823692924270;862.6762;
584823732928853;862.6787;
584823772939062;862.6687;
584823812927708;862.6700;
584823852952187;862.6675;
584823892953437;862.6663;
584823932955312;862.6638;
584823972950312;862.6625;
584824012935312;862.6638;
584824052950624;862.6613;
584824092955312;862.6625;
584824132955312;862.6600;
584824172953697;862.6588;
584824212953958;862.6588;
584824252955520;862.6588;
584824292956353;862.6588;
584824332956041;862.6613;
584824372955103;862.6550;
584824412952187;862.6550;
584824452953697;862.6500;
584824492952395;862.6512;
584824532955781;862.6462;
584824572957083;862.6437;
584824612927291;862.6387;
584824652921249;862.6400;
584824692935728;862.6337;
584824732929478;862.6387;
584824772927603;862.6375;
584824812957916;862.6400;
584824852954062;862.6462;
584824892952916;862.6500;
584824932954478;862.6450;
584824972955781;862.6400;
584825012931614;862.6362;
584825052955833;862.6287;
584825092956041;862.6287;
584825132953697;862.6237;
584825172959166;862.6237;
584825212954791;862.6225;
584825252956353;862.6262;
584825292957864;862.6262;
584825332955312;862.6262;
584825372956353;862.6250;
584825412954270;862.6275;
584825452955312;862.6275;
584825492953697;862.6187;
584825532950103;862.6200;
584825572956562;862.6187;
584825612949687;862.6137;
584825652937708;862.6150;
584825692925781;862.6187;
584825732934478;862.6237;
584825772994062;862.6225;
584825812954270;862.6212;
584825852954270;862.6162;
584825892950624;862.6187;
584825932954791;862.6225;
584825972953958;862.6125;
584826012933958;862.6150;
584826052955312;862.6100;
584826092954478;862.6087;
584826132953958;862.6100;
584826172955833;862.6125;
584826212953697;862.6087;
584826252960520;862.6137;
584826292956562;862.6137;
584826332960728;862.6050;
584826372956041;862.6075;
584826412951353;862.6087;
584826452953020;862.6100;
584826492954270;862.6087;
584826532946770;862.6087;
584826572933541;862.6100;
584826612920624;862.6112;
584826652928853;862.6100;
584826692926978;862.6050;
584826732930103;862.6075;
584826772951666;862.6062;
584826812952187;862.6013;
584826852952187;862.6025;
584826892955312;862.6125;
584826932954478;862.6087;
584826972957395;862.5975;
584827012954531;862.6050;
584827052956562;862.6100;
584827092957083;862.6075;
584827132955781;862.6050;
584827172958437;862.6075;
584827212950312;862.6025;
584827252958437;862.6050;
584827292957603;862.5988;
584827332956562;862.6025;
584827372952187;862.5912;
584827412953541;862.5950;
584827452956874;862.6013;
584827492957708;862.6000;
584827532929478;862.5963;
584827572936562;862.5975;
584827612925364;862.5988;
584827652928020;862.5938;
584827692926458;862.5912;
584827732953541;862.5938;
584827772952708;862.5950;
584827812954478;862.5988;
584827852955781;862.6025;
584827892951145;862.6038;
584827932952916;862.5988;
584827972955312;862.5975;
584828012957603;862.5950;
584828052957603;862.5950;
584828092958437;862.5938;
584828132956145;862.5925;
584828172955781;862.5975;
584828212952187;862.6000;
584828252958645;862.5925;
584828292955833;862.5862;
584828332956041;862.5862;
584828372958958;862.5862;
584828412953228;862.5887;
584828452960312;862.5900;
584828492947291;862.5887;
584828532928645;862.5912;
584828572932708;862.5912;
584828612928124;862.5975;
584828652927812;862.6000;
584828692953697;862.5950;
584828732954478;862.5950;
584828772953228;862.5963;
584828812952708;862.5988;
584828852953697;862.5900;
584828892955312;862.5850;
584828932953958;862.5812;
584828972954999;862.5812;
584829012957187;862.5800;
584829052956614;862.5850;
584829092954999;862.5887;
584829132958697;862.5900;
584829172956041;862.5912;
584829212956041;862.5925;
584829252956041;862.5887;
584829292955520;862.5963;
584829332957083;862.5988;
584829372953697;862.5950;
584829412954270;862.5988;
584829452950312;862.5963;
584829492928437;862.5975;
584829532928958;862.5975;
584829572927447;862.5950;
584829612927447;862.6025;
584829652953437;862.6075;
584829692967603;862.6137;
584829732954270;862.6100;
584829772949791;862.6075;
584829812952708;862.6150;
584829852955520;862.6137;
584829892953228;862.6187;
584829932951145;862.6187;
584829972954478;862.6150;
584830012953749;862.6112;
584830052957395;862.6187;
584830092954791;862.6162;
584830132954791;862.6237;
584830172953437;862.6237;
584830212954270;862.6200;
584830252955103;862.6162;
584830292953697;862.6137;
584830332956041;862.6062;
584830372955312;862.6100;
584830412949895;862.6137;
584830452949791;862.6100;
584830492919791;862.6137;
584830532928437;862.6125;
584830572927083;862.6125;
584830612953958;862.6137;
584830652952708;862.6062;
584830692955781;862.6075;
584830732950833;862.6075;
584830772956874;862.6062;
584830812952395;862.6112;
584830852955312;862.6100;
584830892952395;862.6100;
584830932951145;862.6087;
584830972955781;862.6050;
584831012963124;862.6087;
584831052954999;862.6087;
584831092968020;862.6050;
584831132956353;862.6050;
584831172957864;862.6062;
584831212954791;862.6100;
584831252955312;862.6075;
584831292956874;862.6125;
584831332941145;862.6175;
584831372956874;862.6187;
584831412950103;862.6225;
584831452930103;862.6225;
584831492927187;862.6237;
584831532928228;862.6187;
584831572971458;862.6225;
584831612950624;862.6287;
584831652951874;862.6287;
584831692950103;862.6262;
584831732952708;862.6312;
584831772954478;862.6262;
584831812954791;862.6275;
584831852951978;862.6200;
584831892954791;862.6187;
584831932952395;862.6187;
584831972960728;862.6125;
584832012961562;862.6212;
584832052960520;862.6275;
584832092959478;862.6262;
584832132959478;862.6287;
584832172956353;862.6350;
584832212958645;862.6400;
584832252958645;862.6487;
584832292956562;862.6537;
584832332956353;862.6475;
584832372945416;862.6437;
584832412931353;862.6475;
584832452930624;862.6512;
584832492926458;862.6525;
584832532931145;862.6512;
584832572957603;862.6525;
584832612951874;862.6512;
584832652953541;862.6487;
584832692959947;862.6525;
584832732952916;862.6500;
584832772955312;862.6500;
584832812950103;862.6487;
584832852954270;862.6537;
584832892957395;862.6512;
584832932954270;862.6550;
584832972958958;862.6600;
584833012970624;862.6500;
584833052957395;862.6550;
584833092957083;862.6512;
584833132958697;862.6550;
584833172955520;862.6512;
584833212957395;862.6475;
584833252959687;862.6500;
584833292951614;862.6400;
584833332926562;862.6450;
584833372928228;862.6512;
584833412927395;862.6512;
584833452926562;862.6487;
584833492919895;862.6500;
584833532954270;862.6437;
584833572952708;862.6500;
584833612976145;862.6475;
584833652952916;862.6575;
584833692951353;862.6500;
584833732953697;862.6462;
584833772953228;862.6375;
584833812952916;862.6375;
584833852950364;862.6412;
584833892953228;862.6537;
584833932956874;862.6475;
584833972955312;862.6563;
584834012927395;862.6550;
584834052956353;862.6487;
584834092956874;862.6212;
584834132956874;862.6175;
584834172955781;862.6175;
584834212957395;862.6137;
584834252961770;862.6212;
584834292957217;862.6225;
584834332922529;862.6262;
584834372927842;862.6237;
584834412933050;862.6287;
584834452931436;862.6262;
584834492960342;862.6275;
584834532954925;862.6262;
584834572956175;862.6150;
584834612951019;862.6212;
584834652956696;862.6175;
584834692952008;862.6150;
584834732955967;862.6137;
584834772959092;862.6175;
584834812954404;862.6100;
584834852960133;862.6038;
584834892961175;862.5938;
584834932958258;862.5912;
584834972961383;862.5963;
584835012954613;862.5837;
584835052958519;862.5787;
584835092957217;862.5725;
584835132953050;862.5662;
584835172957217;862.5725;
584835212952633;862.5825;
584835252956175;862.5787;
584835292928050;862.5750;
584835332936592;862.5775;
584835372927633;862.5725;
584835412926852;862.5912;
584835452956175;862.5925;
584835492954352;862.5812;
584835532958779;862.5912;
584835572952008;862.5938;
584835612953571;862.5912;
584835652953883;862.5925;
584835692952008;862.5862;
584835732952529;862.5787;
584835772961175;862.5625;
584835812952269;862.5637;
584835852958779;862.5712;
584835892960654;862.5687;
584835932955654;862.5650;
584835972959613;862.5600;
584836012955654;862.5600;
584836052958519;862.5550;
584836092957738;862.5475;
584836132959821;862.5462;
584836172956436;862.5475;
584836212934821;862.5550;
584836252958519;862.5525;
584836292936436;862.5525;
584836332930863;862.5587;
584836372930029;862.5575;
584836412967113;862.5612;
584836452950967;862.5612;
584836492955967;862.5625;
584836532953675;862.5600;
584836572956175;862.5612;
584836612954092;862.5625;
584836652957738;862.5575;
584836692953883;862.5525;
584836732956800;862.5450;
584836772952269;862.5375;
584836812953883;862.5275;
584836852957217;862.5287;
584836892960342;862.5212;
584836932957008;862.5125;
584836972958258;862.5050;
584837012952633;862.4987;
584837052955654;862.4975;
584837092959092;862.4925;
584837132956436;862.4887;
584837172957217;862.4850;
584837212930446;862.4775;
584837252930029;862.4825;
584837292950029;862.4725;
584837332932686;862.4725;
584837372927113;862.4763;
584837412952269;862.4800;
584837452955967;862.4725;
584837492950758;862.4625;
584837532958779;862.4600;
584837572953363;862.4700;
584837612951488;862.4750;
584837652957008;862.4788;
584837692953883;862.4625;
584837732958519;862.4650;
584837772956175;862.4725;
584837812957008;862.4800;
584837852959613;862.4875;
584837892962946;862.4912;
584837932955133;862.5025;
584837972957008;862.4987;
584838012984821;862.4925;
584838052961175;862.4812;
584838092953571;862.4750;
584838132958258;862.4775;
584838172952842;862.4763;
584838212928883;862.4763;
584838252928050;862.4825;
584838292929925;862.4788;
584838332927529;862.4788;
584838372953883;862.4763;
584838412953883;862.4775;
584838452951800;862.4800;
584838492953050;862.4900;
584838532955133;862.4975;
584838572953571;862.5050;
584838612955654;862.5062;
584838652954092;862.5062;
584838692955446;862.5100;
584838732958779;862.5175;
584838772954404;862.5287;
584838812955133;862.5413;
584838852952008;862.5525;
584838892955133;862.5562;
584838932960863;862.5612;
584838972954925;862.5587;
584839012925550;862.5562;
584839052960133;862.5662;
584839092959821;862.5650;
584839132968467;862.5675;
584839172937633;862.5700;
584839212921279;862.5650;
584839252940758;862.5600;
584839292928883;862.5625;
584839332955133;862.5700;
584839372955133;862.5612;
584839412952008;862.5537;
584839452953050;862.5487;
584839492963988;862.5475;
584839532957008;862.5487;
584839572954092;862.5512;
584839612954352;862.5537;
584839652957217;862.5525;
584839692956696;862.5562;
584839732955654;862.5462;
584839772956436;862.5500;
584839812954092;862.5475;
584839852954613;862.5475;
584839892957217;862.5413;
584839932961436;862.5450;
584839972951800;862.5475;
584840012932738;862.5512;
584840052959821;862.5475;
584840092955446;862.5500;
584840132927946;862.5425;
584840172934300;862.5388;
584840212930342;862.5313;
584840252930550;862.5350;
584840292958050;862.5262;
584840332956696;862.5300;
584840372954613;862.5388;
584840412952842;862.5363;
584840452954352;862.5375;
584840492958519;862.5313;
584840532962529;862.5363;
584840572953102;862.5287;
584840612952008;862.5375;
584840652964769;862.5462;
584840692961383;862.5400;
584840732958779;862.5425;
584840772957217;862.5388;
584840812954092;862.5437;
584840852957217;862.5450;
584840892962425;862.5425;
584840932961904;862.5450;
584840972956696;862.5475;
584841012932425;862.5462;
584841052957738;862.5437;
584841092951019;862.5462;
584841132930654;862.5537;
584841172927425;862.5575;
584841212926592;862.5637;
584841252974404;862.5625;
584841292958050;862.5600;
584841332951488;862.5550;
584841372952633;862.5487;
584841412951488;862.5425;
584841452945550;862.5437;
584841492953363;862.5413;
584841532949196;862.5475;
584841572953363;862.5462;
584841612951800;862.5437;
584841652953363;862.5475;
584841692954352;862.5550;
584841732957738;862.5550;
584841772953571;862.5725;
584841812953363;862.5650;
584841852954613;862.5562;
584841892953102;862.5512;
584841932952008;862.5425;
584841972948883;862.5338;
584842012937946;862.5137;
584842052978363;862.5012;
584842092930863;862.4962;
584842132928363;862.4887;
584842172927269;862.4800;
584842212944300;862.4775;
584842252951800;862.4688;
584842292954352;862.4487;
584842332951800;862.4362;
584842372952269;862.4312;
584842412953363;862.4362;
584842452951800;862.4450;
584842492951488;862.4512;
584842532953050;862.4675;
584842572951279;862.4812;
584842612955967;862.4925;
584842652954613;862.4962;
584842692953883;862.5012;
584842732955654;862.5062;
584842772954092;862.5037;
584842812954092;862.5087;
584842852952529;862.5112;
584842892952842;862.5137;
584842932954092;862.5087;
584842972947113;862.5050;
584843012949925;862.5125;
584843052930029;862.5212;
584843092925863;862.5313;
584843132926852;862.5313;
584843172927738;862.5313;
584843212950446;862.5262;
584843252952529;862.5275;
584843292944508;862.5262;
584843332945758;862.5250;
584843372948363;862.5175;
584843412953050;862.5200;
584843452952008;862.5225;
584843492950967;862.5200;
584843532957217;862.5212;
584843572953883;862.5087;
584843612955654;862.5112;
584843652953571;862.5187;
584843692953883;862.5125;
584843732953050;862.5112;
584843772952529;862.5087;
584843812952269;862.5137;
584843852953050;862.5075;
584843892953571;862.5112;
584843932952529;862.5125;
584843972935967;862.5175;
584844012970186;862.5225;
584844052928258;862.5237;
584844092929092;862.5200;
584844132927425;862.5162;
584844172951279;862.5150;
584844212950967;862.5175;
584844252951488;862.5187;
584844292952008;862.5187;
584844332953883;862.5162;
584844372951279;862.5075;
584844412954092;862.5150;
584844452951383;862.5125;
584844492952008;862.5225;
584844532953050;862.5075;
584844572947061;862.5012;
584844612953363;862.5000;
584844652957217;862.5037;
584844692957738;862.5000;
584844732956488;862.4937;
584844772957529;862.5025;
584844812957529;862.5037;
584844852956436;862.5000;
584844892957217;862.5112;
584844932932321;862.5137;
584844972937946;862.5112;
584845012925446;862.5037;
584845052927738;862.5012;
584845092948102;862.5062;
584845132954613;862.5050;
584845172976800;862.5037;
584845212955446;862.5137;
584845252954925;862.5025;
584845292959092;862.5025;
584845332956436;862.5025;
584845372954925;862.5050;
584845412953363;862.5012;
584845452957738;862.5062;
584845492959092;862.5012;
584845532958519;862.5062;
584845572953363;862.5062;
584845612950446;862.5037;
584845652957738;862.5062;
584845692955446;862.5112;
584845732955446;862.5137;
584845772956175;862.5187;
584845812958779;862.5125;
584845852959300;862.5187;
584845892930186;862.5137;
584845932953363;862.5125;
584845972930238;862.5112;
584846012936696;862.5100;
584846052928883;862.5150;
584846092961904;862.5087;
584846132957269;862.4925;
584846172957217;862.4763;
584846212955446;862.4688;
584846252953050;862.4575;
584846292953363;862.4550;
584846332957529;862.4525;
584846372952842;862.4487;
584846412952842;862.4475;
584846452954352;862.4437;
584846492954092;862.4350;
584846532955133;862.4250;
584846572955967;862.4225;
584846612952842;862.4187;
584846652957217;862.4212;
584846692954613;862.4225;
584846732955967;862.4287;
584846772960602;862.4262;
584846812957217;862.4275;
584846852953571;862.4287;
584846892931436;862.4275;
584846932930342;862.4387;
584846972927113;862.4412;
584847012934352;862.4400;
584847052957738;862.4500;
584847092950967;862.4450;
584847132953050;862.4437;
584847172950967;862.4425;
584847212954717;862.4462;
584847252953102;862.4487;
584847292952529;862.4437;
584847332955446;862.4362;
584847372954925;862.4387;
584847412953883;862.4412;
584847452952842;862.4450;
584847492954925;862.4500;
584847532955967;862.4562;
584847572953571;862.4550;
584847612951800;862.4600;
584847652954352;862.4600;
584847692956175;862.4537;
584847732959821;862.4512;
584847772957217;862.4462;
584847812930446;862.4500;
584847852959613;862.4525;
584847892928883;862.4462;
584847932933258;862.4500;
584847972928467;862.4475;
584848012932269;862.4487;
584848052954613;862.4462;
584848092957738;862.4437;
584848132954613;862.4400;
584848172953050;862.4400;
584848212952008;862.4375;
584848252956696;862.4362;
584848292954196;862.4400;
584848332956592;862.4337;
584848372955133;862.4312;
584848412955967;862.4325;
584848452954352;862.4262;
584848492956800;862.4287;
584848532955446;862.4337;
584848572954925;862.4362;
584848612951800;862.4300;
584848652955654;862.4325;
584848692956592;862.4225;
584848732952738;862.4250;
584848772957217;862.4163;
584848812950446;862.4187;
584848852947217;862.4125;
584848892951592;862.4150;
584848932929717;862.4200;
584848972927946;862.4200;
584849012936436;862.4250;
584849052957529;862.4275;
584849092952529;862.4237;
584849132954092;862.4163;
584849172953571;862.4200;
584849212952842;862.4175;
584849252956488;862.4088;
584849292957529;862.4075;
584849332963467;862.4125;
584849372957738;862.4088;
584849412952529;862.4113;
584849452956175;862.4113;
584849492955133;862.4050;
584849532961383;862.4100;
584849572958258;862.4037;
584849612959352;862.4125;
584849652959092;862.4187;
584849692956279;862.4237;
584849732955133;862.4200;
584849772928050;862.4237;
584849812929613;862.4212;
584849852939613;862.4200;
584849892934404;862.4212;
584849932935758;862.4262;
584849972951800;862.4163;
584850012921592;862.4187;
584850052956436;862.4187;
584850092953883;862.4138;
584850132952321;862.4150;
584850172953675;862.4187;
584850212954352;862.4113;
584850252955654;862.4138;
584850292954092;862.4212;
584850332955967;862.4175;
584850372955446;862.4175;
584850412956175;862.4163;
584850452956175;862.4063;
584850492955133;862.4037;
584850532959300;862.4037;
584850572957529;862.4012;
584850612955654;862.4025;
584850652952269;862.4050;
584850692955967;862.4012;
584850732993988;862.4012;
584850772927946;862.4000;
584850812932113;862.4050;
584850852930967;862.4075;
584850892929717;862.4088;
584850932955654;862.4100;
584850972955446;862.4100;
584851012930133;862.4125;
584851052955967;862.4175;
584851092950758;862.4175;
584851132952842;862.4163;
584851172952321;862.4150;
584851212952529;862.4113;
584851252953571;862.4113;
584851292961904;862.4163;
584851332956175;862.4100;
584851372955967;862.4088;
584851412952529;862.4150;
584851452952842;862.4187;
584851492952842;862.4212;
584851532957529;862.4225;
584851572956696;862.4237;
584851612968988;862.4275;
584851652960654;862.4163;
584851692963467;862.4250;
584851732940967;862.4212;
584851772929196;862.4175;
584851812927738;862.4200;
584851852928675;862.4125;
584851892983571;862.4138;
584851932956696;862.4063;
584851972954092;862.4037;
584852012929404;862.3975;
584852052954613;862.3987;
584852092952842;862.3987;
584852132956488;862.3987;
584852172958258;862.4012;
584852212952529;862.4025;
584852252953363;862.4012;
584852292955446;862.4025;
584852332957529;862.4025;
584852372959821;862.4138;
584852412955133;862.4175;
584852452952842;862.4163;
584852492955446;862.4163;
584852532956696;862.4163;
584852572955133;862.4187;
584852612953050;862.4113;
584852652955446;862.4163;
584852692927529;862.4200;
584852732927946;862.4225;
584852772931488;862.4237;
584852812929404;862.4250;
584852852945654;862.4237;
584852892955133;862.4200;
584852932954404;862.4287;
584852972952842;862.4250;
584853012930446;862.4275;
584853052953883;862.4212;
584853092952529;862.4175;
584853132960654;862.4225;
584853172952842;862.4250;
584853212951279;862.4250;
584853252960654;862.4300;
584853292962946;862.4300;
584853332963258;862.4250;
584853372957217;862.4287;
584853412952008;862.4300;
584853452953154;862.4312;
584853492957529;862.4312;
584853532936488;862.4275;
584853572955967;862.4262;
584853612955446;862.4287;
584853652927633;862.4287;
584853692926383;862.4275;
584853732929925;862.4537;
584853772932529;862.4525;
584853812927738;862.4275;
584853852954613;862.4225;
584853892954092;862.4212;
584853932953883;862.4237;
584853972951488;862.4262;
584854012942946;862.4175;
584854052952529;862.4175;
584854092953363;862.4187;
584854132956488;862.4200;
584854172954092;862.4187;
584854212951279;862.4250;
584854252955133;862.4287;
584854292954613;862.4287;
584854332957217;862.4325;
584854372954404;862.4275;
584854412954925;862.4262;
584854452958050;862.4237;
584854492948675;862.4250;
584854532957738;862.4262;
584854572955654;862.4175;
584854612927738;862.4200;
584854652925758;862.4250;
584854692928154;862.4237;
584854732931800;862.4287;
584854772928363;862.4287;
584854812953571;862.4275;
584854852952008;862.4275;
584854892954613;862.4275;
584854932952008;862.4275;
584854972952008;862.4275;
584855012930654;862.4362;
584855052955967;862.4362;
584855092954404;862.4362;
584855132951488;862.4400;
584855172957842;862.4350;
584855212952529;862.4375;
584855252953154;862.4325;
584855292955654;862.4287;
584855332966852;862.4275;
584855372956488;862.4175;
584855412953363;862.4250;
584855452953363;862.4237;
584855492955446;862.4275;
584855532955133;862.4300;
584855572946852;862.4262;
584855612928675;862.4225;
584855652927425;862.4175;
584855692928936;862.4187;
584855732927686;862.4163;
584855772933883;862.4200;
584855812929196;862.4187;
584855852951227;862.4150;
584855892952008;862.4175;
584855932969977;862.4175;
584855972929613;862.4250;
584856012921592;862.4212;
584856052952269;862.4175;
584856092957008;862.4163;
584856132948102;862.4237;
584856172960133;862.4250;
584856212955967;862.4325;
584856252955967;862.4262;
584856292965342;862.4225;
584856332959613;862.4163;
584856372960602;862.4200;
584856412957529;862.4262;
584856452957529;862.4275;
584856492960342;862.4300;
584856532928154;862.4300;
584856572919925;862.4300;
584856612927633;862.4275;
584856652927113;862.4262;
584856692927269;862.4300;
584856732986175;862.4300;
584856772957529;862.4512;
584856812952529;862.4512;
584856852952321;862.4375;
584856892952842;862.4237;
584856932951800;862.4200;
584856972952529;862.4200;
584857012929925;862.4212;
584857052951800;862.4237;
584857092937217;862.4187;
584857132952008;862.4150;
584857172952269;862.4175;
584857212952529;862.4187;
584857252952842;862.4175;
584857292955654;862.4225;
584857332953311;862.4275;
584857372951488;862.4275;
584857412955133;862.4275;
584857452952269;862.4312;
584857492952008;862.4325;
584857532946852;862.4350;
584857572927946;862.4337;
584857612931800;862.4287;
584857652926488;862.4262;
584857692933102;862.4300;
584857732953050;862.4300;
584857772949196;862.4275;
584857812953571;862.4275;
584857852952008;862.4287;
584857892954925;862.4325;
584857932953571;862.4387;
584857972951800;862.4287;
584858012924404;862.4287;
