TimestampGNSS [ns]; UTC time [ms]; Lat [deg]; Lon [deg]; Height [m]; Speed [m/s]; Heading [deg]; Hor Acc [m]; Vert Acc [m]; Speed Acc [m/s]; Heading Acc [deg]
4054249459028022;1634409615000;40.261300780000;-111.661600290000;1389.5436;0.0000;-3000.0000;9.00269794;9.68387032;0.08062258;-1.00000000;
4054250463993647;1634409616000;40.261292200000;-111.661588960000;1388.0950;0.0000;-3000.0000;7.38482475;7.86617756;0.08062258;-1.00000000;
4054251457456667;1634409617000;40.261297800000;-111.661588650000;1388.6027;0.0000;-3000.0000;6.45463037;6.94905281;0.08062258;-1.00000000;
4054252465930834;1634409618000;40.261288550000;-111.661592120000;1390.6569;0.3400;164.4000;4.70696497;4.95649815;1.06850362;6.53325891;
4054253464430937;1634409619000;40.261283860000;-111.661588050000;1390.9323;0.5900;164.4000;3.92104745;4.04585886;1.48030400;20.98841858;
4054254463761875;1634409620000;40.261259640000;-111.661588200000;1391.6483;2.3500;168.1000;3.79009247;3.07538605;0.68600291;10.19338322;
4054255475474062;1634409621000;40.261235070000;-111.661591980000;1391.9276;3.5900;184.4000;3.79009247;2.76141691;0.20248456;2.14987731;
4054256460417707;1634409622000;40.261203290000;-111.661596470000;1391.7150;4.2900;185.3000;3.79009247;2.50000000;0.21095023;1.68567026;
4054257463034998;1634409623000;40.261160900000;-111.661596950000;1390.6080;4.9100;181.8000;3.79009247;2.50000000;0.11661904;0.83509398;
4054258463385258;1634409624000;40.261107340000;-111.661600890000;1390.8636;5.5800;181.7000;3.79009247;2.50000000;0.18027757;1.18540466;
4054259462728487;1634409625000;40.261051010000;-111.661596730000;1390.6506;5.7400;173.6000;3.79009247;2.50000000;0.25238860;1.62708342;
4054260460776768;1634409626000;40.260998980000;-111.661603770000;1390.4883;6.3400;186.8000;3.79009247;2.50000000;0.13038404;0.73234224;
4054261460536195;1634409627000;40.260942940000;-111.661611020000;1390.4183;6.7300;185.8000;3.79009247;2.50000000;0.04472136;0.27450743;
4054262464027965;1634409628000;40.260886120000;-111.661614690000;1390.2240;7.0000;182.6000;3.79009247;2.50000000;0.04472136;0.25622913;
4054263462281871;1634409629000;40.260824670000;-111.661618730000;1389.9377;7.0800;176.3000;3.79009247;2.50000000;1.10788083;3.28203082;
4054264458472392;1634409630000;40.260757980000;-111.661617770000;1389.6543;7.3000;180.5000;3.79009247;2.50000000;1.08558738;7.50730658;
4054265462268797;1634409631000;40.260691000000;-111.661621710000;1389.5194;7.4100;182.3000;3.79009247;2.50000000;1.10276926;8.38186359;
4054266460649318;1634409632000;40.260620080000;-111.661626090000;1389.6534;7.5900;183.0000;3.79009247;2.50000000;1.10276926;8.09786320;
4054267462748745;1634409633000;40.260550210000;-111.661626930000;1389.5107;7.5500;182.7000;3.79009247;2.50000000;1.09416640;8.09427452;
4054268463564838;1634409634000;40.260482450000;-111.661625960000;1389.5132;7.5900;182.5000;3.79009247;2.50000000;1.09416640;8.03536320;
4054269463717181;1634409635000;40.260412050000;-111.661631350000;1389.3656;7.6100;187.3000;3.79009247;2.50000000;1.08558738;7.97460270;
4054270462000150;1634409636000;40.260342460000;-111.661641700000;1389.1123;7.6600;184.6000;3.79009247;2.50000000;1.09931803;7.41631174;
4054271465932076;1634409637000;40.260272720000;-111.661647030000;1389.3876;7.5800;182.5000;3.79009247;2.50000000;1.08558738;6.98774529;
4054272465785201;1634409638000;40.260203610000;-111.661649020000;1389.5104;7.5500;185.3000;3.79009247;2.50000000;1.08558738;6.75615454;
4054273474216867;1634409639000;40.260138280000;-111.661653180000;1389.5464;7.5700;185.8000;3.79009247;2.50000000;1.08558738;6.51585007;
4054274466369627;1634409640000;40.260070640000;-111.661660130000;1389.5149;7.5800;183.4000;3.79009247;2.50000000;1.07703292;6.20344257;
4054275473443950;1634409641000;40.260000930000;-111.661667520000;1389.4980;7.5800;184.9000;3.79009247;2.50000000;1.08558738;5.98383999;
4054276468524002;1634409642000;40.259935350000;-111.661677750000;1389.2471;7.5900;187.5000;3.79009247;2.50000000;1.08558738;5.81285334;
4054277472170251;1634409643000;40.259863720000;-111.661686930000;1389.4121;7.5800;184.0000;3.79009247;2.50000000;1.08558738;5.59180880;
4054278475870095;1634409644000;40.259796050000;-111.661686450000;1389.5098;7.5300;183.2000;3.79009247;2.50000000;1.07703292;5.37253141;
4054279476155302;1634409645000;40.259733320000;-111.661691580000;1389.2986;7.3700;185.0000;3.79009247;2.50000000;1.09077954;5.27735662;
4054280465905510;1634409646000;40.259666060000;-111.661691180000;1389.4263;7.5000;185.4000;3.79009247;2.50000000;1.08226609;5.11909771;
4054281472545354;1634409647000;40.259596860000;-111.661697590000;1389.4485;7.5100;181.5000;3.79009247;2.50000000;1.07703292;5.02698231;
4054282477434103;1634409648000;40.259534260000;-111.661697620000;1389.4916;7.4800;187.5000;3.79009247;2.50000000;1.08558738;5.00201845;
4054283466918426;1634409649000;40.259464050000;-111.661706640000;1389.4215;7.4700;186.9000;3.79009247;2.50000000;1.08558738;4.92432499;
4054284469918946;1634409650000;40.259398800000;-111.661708970000;1389.3634;7.4400;182.1000;3.79009247;2.50000000;1.07703292;4.84829998;
4054285470082488;1634409651000;40.259333220000;-111.661716220000;1389.5909;7.3800;186.3000;3.79009247;2.50000000;1.08558738;4.77892017;
4054286467145716;1634409652000;40.259265840000;-111.661724620000;1389.5293;7.4300;186.7000;3.79009247;2.50000000;1.07703292;4.69187403;
4054287471002852;1634409653000;40.259197200000;-111.661729330000;1389.4994;7.4900;182.7000;3.79009247;2.50000000;1.07703292;4.60477591;
4054288479336341;1634409654000;40.259132500000;-111.661730440000;1389.4177;7.4300;186.5000;3.79009247;2.50000000;1.08558738;4.53793716;
4054289468182226;1634409655000;40.259067320000;-111.661738490000;1389.0328;7.3700;185.3000;3.79009247;2.50000000;1.07703292;4.44441223;
4054290471962538;1634409656000;40.258997420000;-111.661743920000;1388.6792;7.4400;184.1000;3.79009247;2.50000000;1.07703292;4.34464455;
4054291467107173;1634409657000;40.258929350000;-111.661751980000;1388.8159;7.5100;185.1000;3.79009247;2.50000000;1.07703292;4.25306416;
4054292470019725;1634409658000;40.258865860000;-111.661757780000;1388.6777;7.5200;185.5000;3.79009247;2.50000000;1.07703292;4.16604996;
4054293474217901;1634409659000;40.258799000000;-111.661764340000;1388.9518;7.6000;184.9000;3.79009247;2.50000000;1.07703292;4.08284521;
4054294473254672;1634409660000;40.258728740000;-111.661769950000;1388.9869;7.5200;186.6000;3.79009247;2.50000000;1.09077954;4.03561592;
4054295470908578;1634409661000;40.258659390000;-111.661780320000;1388.6604;7.4700;189.5000;3.79009247;2.50000000;1.07703292;3.99598885;
4054296457093629;1634409662000;40.258592480000;-111.661793750000;1388.7488;7.4500;186.8000;3.79009247;2.50000000;1.07703292;3.96137309;
4054297476391598;1634409663000;40.258529080000;-111.661803540000;1388.7014;7.0000;186.9000;3.79009247;2.50000000;1.08558738;3.97921658;
4054298469709514;1634409664000;40.258473530000;-111.661812570000;1388.6547;6.5300;189.8000;3.79009247;2.50000000;1.07703292;3.98769665;
4054299476344201;1634409665000;40.258420730000;-111.661826540000;1388.4326;6.0700;189.4000;3.79009247;2.50000000;1.08558738;4.01911736;
4054300470673159;1634409666000;40.258367860000;-111.661831860000;1388.2947;5.5700;187.5000;3.79009247;2.50000000;1.06850362;4.04672527;
4054301463504825;1634409667000;40.258327260000;-111.661834470000;1388.1559;4.6200;181.8000;3.79009247;2.50000000;1.09416640;4.14789438;
4054302456280762;1634409668000;40.258296730000;-111.661835880000;1388.1074;3.4700;186.0000;3.79009247;2.50000000;1.07703292;4.24961615;
4054303462776179;1634409669000;40.258278450000;-111.661837120000;1388.1848;2.1100;191.4000;3.79009247;2.50000000;1.10276926;4.38908815;
4054304456765033;1634409670000;40.258276990000;-111.661837780000;1388.1790;0.6200;192.7000;3.79009247;2.50000000;1.09416640;4.52729416;
4054305461921751;1634409671000;40.258275920000;-111.661839290000;1388.1901;0.0000;-3000.0000;3.79009247;2.50000000;1.13371074;-1.00000000;
4054306455148261;1634409672000;40.258276690000;-111.661837700000;1388.0844;0.0000;-3000.0000;3.79009247;2.50000000;1.12004459;-1.00000000;
4054307477272896;1634409673000;40.258272610000;-111.661837710000;1388.0431;0.0000;-3000.0000;3.79009247;2.50000000;0.07211103;-1.00000000;
4054308462578000;1634409674000;40.258269600000;-111.661836230000;1387.6949;0.0000;-3000.0000;3.79009247;2.50000000;1.12004459;-1.00000000;
4054309457809145;1634409675000;40.258262630000;-111.661837050000;1387.3130;0.0000;-3000.0000;3.79009247;2.50000000;0.08062258;-1.00000000;
4054310457975499;1634409676000;40.258260970000;-111.661834940000;1387.3223;0.0000;-3000.0000;3.79009247;2.50000000;0.08062258;-1.00000000;
4054311466590551;1634409677000;40.258262010000;-111.661834440000;1387.3940;0.0000;-3000.0000;3.79009247;2.59386253;0.08062258;-1.00000000;
4054312465693259;1634409678000;40.258261850000;-111.661834410000;1387.3751;0.0000;-3000.0000;3.79009247;2.58286071;0.08062258;-1.00000000;
4054313477583258;1634409679000;40.258263940000;-111.661833080000;1387.6646;0.0000;-3000.0000;3.79009247;2.63652587;0.08062258;-1.00000000;
4054314477244977;1634409680000;40.258262890000;-111.661833200000;1388.1371;0.0000;-3000.0000;3.79009247;2.74254560;0.08062258;-1.00000000;
4054315471815393;1634409681000;40.258263510000;-111.661829950000;1388.5654;0.0000;-3000.0000;3.79009247;2.78608537;0.08062258;-1.00000000;
4054316472058622;1634409682000;40.258262980000;-111.661826750000;1388.1260;0.0000;-3000.0000;3.79009247;2.81859732;0.08062258;-1.00000000;
4054317471778413;1634409683000;40.258262470000;-111.661827520000;1388.1979;0.0000;-3000.0000;3.79009247;2.87121177;0.08062258;-1.00000000;
4054318469075027;1634409684000;40.258261310000;-111.661831100000;1388.5244;0.0000;-3000.0000;3.79009247;2.84459209;0.08062258;-1.00000000;
4054319474070496;1634409685000;40.258261010000;-111.661836520000;1389.0989;0.0000;-3000.0000;3.79009247;2.71625757;0.08062258;-1.00000000;
4054320477558933;1634409686000;40.258257780000;-111.661840400000;1389.3783;0.0000;-3000.0000;3.79009247;2.61531854;0.08062258;-1.00000000;
4054321479320026;1634409687000;40.258254240000;-111.661839800000;1389.4423;0.0000;-3000.0000;3.79009247;2.53401351;0.08062258;-1.00000000;
4054322479920755;1634409688000;40.258252410000;-111.661841070000;1389.6412;0.0000;-3000.0000;3.79009247;2.50000000;0.08062258;-1.00000000;
4054323481803984;1634409689000;40.258253580000;-111.661840330000;1389.7150;0.0000;-3000.0000;3.79009247;2.50000000;0.08062258;-1.00000000;
4054324475763254;1634409690000;40.258252310000;-111.661838330000;1388.8530;0.0000;-3000.0000;3.79009247;2.50000000;0.08062258;-1.00000000;
4054325476444816;1634409691000;40.258251330000;-111.661839600000;1388.4711;0.0000;-3000.0000;3.79009247;2.50000000;0.08062258;-1.00000000;
4054326480147055;1634409692000;40.258249820000;-111.661836500000;1387.9574;0.0000;-3000.0000;3.79009247;2.50000000;0.08062258;-1.00000000;
4054327479030597;1634409693000;40.258249550000;-111.661831140000;1387.7018;0.0000;-3000.0000;3.79009247;2.50000000;0.08062258;-1.00000000;
4054328468722992;1634409694000;40.258249030000;-111.661828940000;1387.5431;0.0000;-3000.0000;3.79009247;2.50000000;0.08062258;-1.00000000;
4054329476958356;1634409695000;40.258249520000;-111.661826530000;1387.4231;0.0000;-3000.0000;3.79009247;2.51471472;0.08062258;-1.00000000;
4054330476327523;1634409696000;40.258246490000;-111.661826200000;1386.8889;0.0000;-3000.0000;3.79009247;2.51496673;0.08062258;-1.00000000;
4054331471285022;1634409697000;40.258239440000;-111.661830080000;1387.2542;0.8900;196.2000;3.79009247;2.50000000;0.82377183;4.32984066;
4054332475776064;1634409698000;40.258219000000;-111.661836910000;1387.7827;2.6600;180.1000;3.79009247;2.50000000;0.84599054;5.86206722;
4054333478075751;1634409699000;40.258188540000;-111.661842530000;1388.1632;3.7400;183.5000;3.79009247;2.50000000;0.84059501;7.97935581;
4054334477135646;1634409700000;40.258148350000;-111.661853870000;1388.3229;4.7500;183.4000;3.79009247;2.50000000;0.84059501;9.68421078;
4054335477214604;1634409701000;40.258103180000;-111.661868570000;1388.5671;5.2300;185.4000;3.79009247;2.50000000;1.08558738;10.48120594;
4054336461983354;1634409702000;40.258055170000;-111.661872450000;1388.7104;5.6700;182.3000;3.79009247;2.50000000;1.02625537;7.05979156;
4054337462690176;1634409703000;40.258005830000;-111.661876080000;1388.9780;5.9500;185.3000;3.79009247;2.50000000;1.01788998;4.40562248;
4054338464971634;1634409704000;40.257947240000;-111.661883290000;1388.9636;6.3200;183.4000;3.79009247;2.50000000;0.97652447;3.80770373;
4054339455886842;1634409705000;40.257888260000;-111.661892100000;1389.0483;6.6600;184.9000;3.79009247;2.50000000;1.01788998;3.07574582;
4054340466291633;1634409706000;40.257825380000;-111.661903900000;1389.0195;6.9400;185.5000;3.79009247;2.50000000;0.95210296;3.04463911;
4054341458194758;1634409707000;40.257764160000;-111.661908760000;1389.1224;7.1700;182.7000;3.79009247;2.50000000;0.95210296;2.26681018;
4054342460599653;1634409708000;40.257700980000;-111.661914580000;1389.5353;7.2900;184.0000;3.79009247;2.50000000;0.99624294;2.14954185;
4054343463409809;1634409709000;40.257635540000;-111.661921180000;1389.6996;7.4300;182.2000;3.79009247;2.50000000;0.98473346;2.27706671;
4054344461389757;1634409710000;40.257564630000;-111.661925310000;1389.7864;7.5400;180.3000;3.79009247;2.50000000;1.22036874;2.54817343;
4054345459487204;1634409711000;40.257495460000;-111.661926370000;1389.9562;7.3600;182.9000;3.79009247;2.50000000;0.95210296;2.34332323;
4054346461406892;1634409712000;40.257426620000;-111.661927550000;1389.6831;7.4400;180.4000;3.79009247;2.50000000;0.99045444;2.06107330;
4054347465207985;1634409713000;40.257366180000;-111.661927850000;1389.7040;7.4400;184.7000;3.79009247;2.50000000;0.98473346;2.17422366;
4054348460494964;1634409714000;40.257296070000;-111.661935920000;1389.5320;7.4400;182.6000;3.79009247;2.50000000;0.96400207;2.20133448;
4054349462195484;1634409715000;40.257231330000;-111.661941050000;1389.2876;7.4900;180.0000;3.79009247;2.50000000;0.93600214;1.90822339;
4054350459106630;1634409716000;40.257164950000;-111.661939370000;1389.3356;7.4600;181.5000;3.79009247;2.50000000;0.96834910;1.64835620;
4054351450759494;1634409717000;40.257096600000;-111.661941640000;1389.1458;7.4400;181.3000;3.79009247;2.50000000;0.92800862;1.65318155;
4054352452169858;1634409718000;40.257031140000;-111.661940330000;1388.9406;7.5100;180.9000;3.79009247;2.50000000;0.92005432;1.42345190;
4054353452636681;1634409719000;40.256964260000;-111.661941920000;1388.4958;7.5200;182.5000;3.79009247;2.50000000;0.95210296;1.31649542;
4054354458252357;1634409720000;40.256895730000;-111.661942840000;1388.3365;7.5100;180.4000;3.79009247;2.50000000;0.94403392;1.34549057;
4054355468877826;1634409721000;40.256826240000;-111.661944180000;1388.6023;7.4000;182.0000;3.79009247;2.50000000;0.94810337;1.35030997;
4054356464435638;1634409722000;40.256756930000;-111.661948770000;1388.6079;7.4600;182.2000;3.79009247;2.50000000;0.92800862;1.31597602;
4054357462491366;1634409723000;40.256690930000;-111.661946580000;1388.6356;7.4300;181.2000;3.79009247;2.50000000;0.94810337;1.30877602;
4054358474048189;1634409724000;40.256624570000;-111.661952620000;1388.7960;7.3900;183.7000;3.79009247;2.50000000;0.93600214;1.34309101;
4054359471933918;1634409725000;40.256558100000;-111.661956020000;1388.6321;7.4500;179.6000;3.79009247;2.50000000;0.95210296;1.34091091;
4054360471732980;1634409726000;40.256491120000;-111.661956290000;1388.4150;7.4900;182.5000;3.79009247;2.50000000;0.98473346;1.37728488;
4054361460401209;1634409727000;40.256427250000;-111.661958480000;1388.4510;7.4400;182.4000;3.79009247;2.50000000;0.96834910;1.44606304;
4054362457645844;1634409728000;40.256360230000;-111.661960630000;1388.4736;7.4700;179.6000;3.79009247;2.50000000;0.94403392;1.44931436;
4054363471764333;1634409729000;40.256293100000;-111.661960200000;1388.4312;7.4600;181.4000;3.79009247;2.50000000;0.93600214;1.34617388;
4054364459146676;1634409730000;40.256230960000;-111.661964420000;1388.1456;7.4000;185.0000;3.79009247;2.50000000;0.94403392;1.34420633;
4054365469546988;1634409731000;40.256161500000;-111.661970420000;1387.6301;7.4700;181.7000;3.79009247;2.50000000;1.01788998;1.36579049;
4054366463876780;1634409732000;40.256093680000;-111.661973090000;1387.7474;7.4800;182.2000;3.79009247;2.50000000;0.94403392;1.42097223;
4054367456921102;1634409733000;40.256026300000;-111.661976580000;1387.7478;7.4200;181.4000;3.79009247;2.50000000;0.92800862;1.38702083;
4054368463204071;1634409734000;40.255958720000;-111.661979730000;1387.5133;7.4800;181.7000;3.79009247;2.50000000;0.92800862;1.40211463;
4054369466333654;1634409735000;40.255890790000;-111.661983810000;1387.4381;7.4700;182.6000;3.79009247;2.50000000;0.91214037;1.37033701;
4054370464321778;1634409736000;40.255823970000;-111.661983710000;1387.2850;7.4800;181.1000;3.79009247;2.50000000;0.94021273;1.28696096;
4054371472174486;1634409737000;40.255754810000;-111.661985390000;1387.1077;7.4800;183.6000;3.79009247;2.50000000;0.93600214;1.24636078;
4054372475619069;1634409738000;40.255685710000;-111.661991530000;1386.7673;7.5300;183.4000;3.79009247;2.50000000;0.92005432;1.22217321;
4054373477183392;1634409739000;40.255617880000;-111.661993650000;1386.3907;7.5400;180.6000;3.79009247;2.50000000;0.92800862;1.23273933;
4054374503934016;1634409740000;40.255548120000;-111.661996360000;1386.3939;7.5100;182.1000;3.79009247;2.50000000;0.92005432;1.23961806;
4054375477160787;1634409741000;40.255479080000;-111.661999100000;1386.2115;7.5100;181.9000;3.79009247;2.50000000;0.92800862;1.13383174;
4054376476625005;1634409742000;40.255413920000;-111.662000350000;1386.4653;7.4900;180.7000;3.79009247;2.50000000;0.98473346;1.18984866;
4054377474686046;1634409743000;40.255344680000;-111.662003350000;1386.3406;7.4900;184.5000;3.79009247;2.50000000;0.96020830;1.23028994;
4054378477164640;1634409744000;40.255275810000;-111.662006600000;1386.1971;7.5100;180.0000;3.79009247;2.50000000;0.95210296;1.25481427;
4054379479630889;1634409745000;40.255206900000;-111.662009000000;1386.1001;7.5300;184.0000;3.79009247;2.50000000;0.96834910;1.27200150;
4054380552839379;1634409746000;40.255137700000;-111.662016410000;1386.0012;7.5500;181.3000;3.79009247;2.50000000;0.99045444;1.30343878;
4054381479824014;1634409747000;40.255069760000;-111.662022890000;1385.9697;7.5400;183.6000;3.79009247;2.50000000;0.96020830;1.34090579;
4054382477158284;1634409748000;40.255001190000;-111.662024960000;1385.7709;7.5400;182.5000;3.79009247;2.50000000;0.92800862;1.32831371;
4054383478281617;1634409749000;40.254936760000;-111.662026030000;1385.7242;7.5300;181.6000;3.79009247;2.50000000;0.92005432;1.23440123;
4054384478127346;1634409750000;40.254869380000;-111.662026710000;1385.8188;7.5100;182.0000;3.79009247;2.50000000;0.92005432;1.15905035;
4054385476684897;1634409751000;40.254798500000;-111.662030630000;1385.7863;7.5300;182.2000;3.79009247;2.50000000;0.91214037;1.10352147;
4054386540802501;1634409752000;40.254731410000;-111.662036500000;1385.9406;7.5300;181.0000;3.79009247;2.50000000;0.91214037;1.01830661;
4054387478530574;1634409753000;40.254666560000;-111.662036710000;1385.9911;7.5200;181.8000;3.79009247;2.50000000;0.92800862;0.99803340;
4054388475561250;1634409754000;40.254598610000;-111.662039310000;1385.7968;7.5500;182.1000;3.79009247;2.50000000;0.90426767;0.99840695;
4054389479497917;1634409755000;40.254532000000;-111.662042200000;1385.9602;7.5500;180.0000;3.79009247;2.50000000;0.92005432;0.98790085;
4054390477626562;1634409756000;40.254464410000;-111.662045160000;1386.0627;7.5500;184.0000;3.79009247;2.50000000;0.96020830;1.03609574;
4054391476855051;1634409757000;40.254396230000;-111.662050910000;1385.6879;7.5700;181.9000;3.79009247;2.50000000;0.92800862;1.05982411;
4054392480585728;1634409758000;40.254330900000;-111.662051760000;1385.5585;7.5700;181.9000;3.79009247;2.50000000;0.92800862;1.04879260;
4054393477857759;1634409759000;40.254263330000;-111.662055540000;1385.6809;7.6000;181.0000;3.79009247;2.50000000;0.91214037;1.04628670;
4054394478413540;1634409760000;40.254191460000;-111.662052090000;1385.7594;7.6200;180.1000;3.79009247;2.50000000;0.91831368;1.00434768;
4054395478382446;1634409761000;40.254122340000;-111.662055670000;1385.8418;7.5300;180.9000;3.79009247;2.50000000;0.93600214;1.03072250;
4054396474794581;1634409762000;40.254050350000;-111.662058550000;1385.6119;7.5800;179.5000;3.79009247;2.50000000;0.93861598;1.05203998;
4054397470700414;1634409763000;40.253985660000;-111.662056090000;1385.2908;7.5100;180.6000;3.79009247;2.50000000;0.97416633;1.02588069;
4054398476096195;1634409764000;40.253917790000;-111.662067970000;1385.1852;7.5200;184.9000;3.79009247;2.50000000;0.97800815;1.08790803;
4054399476369215;1634409765000;40.253850530000;-111.662066800000;1384.9236;7.6100;179.1000;3.79009247;2.50000000;0.94999999;1.14414191;
4054400472525621;1634409766000;40.253781920000;-111.662064440000;1384.8811;7.5700;182.5000;3.79009247;2.50000000;0.95210296;1.15769315;
4054401479516506;1634409767000;40.253714530000;-111.662068640000;1384.7466;7.6100;181.7000;3.79009247;2.50000000;0.91214037;1.18099797;
4054402476848068;1634409768000;40.253646450000;-111.662068480000;1384.9064;7.6300;181.4000;3.79009247;2.50000000;0.91214037;1.09153116;
4054403475191818;1634409769000;40.253578270000;-111.662069360000;1384.5465;7.5600;180.7000;3.79009247;2.50000000;0.90426767;1.00855982;
4054404460597755;1634409770000;40.253509540000;-111.662071570000;1384.4144;7.5400;182.8000;3.79009247;2.50000000;0.93600214;0.98538464;
4054405477679161;1634409771000;40.253440520000;-111.662075110000;1384.2535;7.5800;184.4000;3.79009247;2.50000000;0.92005432;1.00895202;
4054406478487389;1634409772000;40.253369560000;-111.662079110000;1384.3323;7.6200;180.9000;3.79009247;2.50000000;0.93600214;1.00142252;
4054407478399629;1634409773000;40.253299730000;-111.662074130000;1384.3926;7.5900;179.6000;3.79009247;2.50000000;0.92800862;1.02448165;
4054408483106295;1634409774000;40.253231430000;-111.662074250000;1384.1694;7.5500;179.6000;3.79009247;2.50000000;0.91214037;1.01836288;
4054409479558117;1634409775000;40.253164240000;-111.662076340000;1384.2394;7.5400;181.1000;3.79009247;2.50000000;0.92005432;1.05087638;
4054410544479575;1634409776000;40.253097630000;-111.662075510000;1384.0859;7.5500;180.6000;3.79009247;2.50000000;0.91214037;1.00867736;
4054411466035877;1634409777000;40.253030710000;-111.662075850000;1383.9501;7.5600;181.5000;3.79009247;2.50000000;0.92005432;0.99451548;
4054412480741762;1634409778000;40.252962720000;-111.662075730000;1383.6227;7.5300;182.5000;3.79009247;2.50000000;0.95210296;1.00113404;
4054413476801501;1634409779000;40.252897590000;-111.662080960000;1383.4031;7.5100;182.3000;3.79009247;2.50000000;0.92800862;1.04161191;
4054414476481293;1634409780000;40.252829980000;-111.662083400000;1383.4382;7.5300;179.8000;3.79009247;2.50000000;0.91214037;1.06094706;
4054415480624313;1634409781000;40.252759660000;-111.662080030000;1383.2563;7.5400;182.1000;3.79009247;2.50000000;0.93600214;1.07251179;
4054416549997125;1634409782000;40.252689560000;-111.662082290000;1383.3263;7.5700;180.1000;3.79009247;2.50000000;0.93600214;1.08073127;
4054417479795771;1634409783000;40.252622730000;-111.662082510000;1383.2866;7.4900;180.3000;3.79009247;2.50000000;0.93600214;1.09044421;
4054418475155249;1634409784000;40.252556070000;-111.662082470000;1383.1246;7.5000;183.3000;3.79009247;2.50000000;0.92800862;1.12170446;
4054419481439624;1634409785000;40.252488020000;-111.662084630000;1383.3651;7.5000;178.7000;3.79009247;2.50000000;0.96020830;1.10863328;
4054420482146134;1634409786000;40.252422830000;-111.662083840000;1383.6094;7.4900;178.9000;3.79009247;2.50000000;0.95210296;1.14979303;
4054421483596759;1634409787000;40.252353220000;-111.662082240000;1383.5009;7.4900;182.4000;3.79009247;2.50000000;0.94403392;1.17763758;
4054422475100613;1634409788000;40.252286840000;-111.662082200000;1383.5072;7.5200;183.5000;3.79009247;2.50000000;1.05999994;1.25472128;
4054423478942748;1634409789000;40.252218080000;-111.662086740000;1383.5450;7.5700;181.0000;3.79009247;2.50000000;1.08558738;1.33356047;
4054424482090039;1634409790000;40.252147380000;-111.662090890000;1383.5266;7.5500;179.4000;3.79009247;2.50000000;1.02625537;1.40539396;
4054425459707591;1634409791000;40.252077340000;-111.662090880000;1383.5811;7.5800;180.9000;3.79009247;2.50000000;0.98473346;1.45505106;
4054426480475871;1634409792000;40.252010770000;-111.662091770000;1383.8313;7.5200;181.9000;3.79009247;2.50000000;0.92005432;1.46239221;
4054427479322538;1634409793000;40.251942140000;-111.662101430000;1383.8368;7.5100;181.8000;3.79009247;2.50000000;0.93600214;1.41493177;
4054428476692641;1634409794000;40.251876780000;-111.662102750000;1383.8291;7.4800;182.7000;3.79009247;2.50000000;0.96020830;1.41756773;
4054429475531704;1634409795000;40.251812670000;-111.662101040000;1383.8076;7.4700;182.2000;3.79009247;2.50000000;0.93600214;1.41311991;
4054430480713943;1634409796000;40.251746220000;-111.662099970000;1383.2429;7.5100;181.9000;3.79009247;2.50000000;0.93407708;1.37331557;
4054431477756755;1634409797000;40.251677930000;-111.662102100000;1382.9204;7.4800;180.4000;3.79009247;2.50000000;0.92800862;1.27840102;
4054432457706130;1634409798000;40.251612280000;-111.662108310000;1382.6133;7.5000;181.9000;3.79009247;2.50000000;0.95210296;1.25179446;
4054433476004254;1634409799000;40.251543270000;-111.662112650000;1382.6212;7.5000;179.7000;3.79009247;2.50000000;0.91214037;1.23974717;
4054434471854045;1634409800000;40.251475250000;-111.662108600000;1382.3390;7.4800;179.8000;3.79009247;2.50000000;0.96020830;1.16546977;
4054435479138472;1634409801000;40.251409000000;-111.662107730000;1382.2811;7.1700;177.8000;3.79009247;2.50000000;1.04307234;1.21875226;
4054436474841336;1634409802000;40.251350180000;-111.662108940000;1381.8527;6.7400;183.3000;3.79009247;2.50000000;0.99297535;1.27564406;
4054437476587690;1634409803000;40.251292120000;-111.662113260000;1381.9435;6.2900;178.0000;3.79009247;2.50000000;1.02342558;1.34641600;
4054438480842898;1634409804000;40.251239970000;-111.662117130000;1382.2202;5.8600;181.0000;3.79009247;2.50000000;0.96607453;1.41405714;
4054439464803054;1634409805000;40.251190010000;-111.662118710000;1382.2764;5.4700;176.9000;3.79009247;2.50000000;1.03464973;1.49266160;
4054440473498470;1634409806000;40.251143900000;-111.662119360000;1382.1274;5.0800;185.6000;3.79009247;2.50000000;1.04307234;1.57585204;
4054441477635709;1634409807000;40.251105080000;-111.662119540000;1381.8136;4.4400;182.5000;3.79009247;2.50000000;1.12680960;1.67084277;
4054442476468886;1634409808000;40.251069540000;-111.662122420000;1381.6089;4.2700;179.4000;3.79009247;2.50000000;1.06850362;1.76101685;
4054443476966021;1634409809000;40.251035850000;-111.662128010000;1381.1520;3.9100;180.7000;3.79009247;2.50000000;1.09416640;1.85659552;
4054444481309406;1634409810000;40.251001730000;-111.662127290000;1381.0450;3.7800;185.0000;3.79009247;2.50000000;1.07703292;1.95187557;
4054445476565343;1634409811000;40.250973060000;-111.662127320000;1380.6193;3.2500;179.8000;3.79009247;2.50000000;1.05948102;2.04958010;
4054446546943051;1634409812000;40.250946080000;-111.662127140000;1380.7106;2.8700;178.0000;3.79009247;2.50000000;0.94999999;2.13532424;
4054447474984457;1634409813000;40.250925080000;-111.662126520000;1380.4313;2.3500;180.9000;3.79009247;2.50000000;1.06230879;2.23770595;
4054448476313207;1634409814000;40.250904770000;-111.662127460000;1380.1666;2.2200;185.5000;3.79009247;2.50000000;1.07912004;2.34745908;
4054449478597842;1634409815000;40.250887340000;-111.662127740000;1379.9866;1.9500;176.6000;3.79009247;2.50000000;0.99297535;2.45675039;
4054450479608779;1634409816000;40.250872050000;-111.662128200000;1379.8362;1.7500;177.4000;3.79009247;2.50000000;1.08226609;2.57147741;
4054451481177476;1634409817000;40.250859230000;-111.662127160000;1379.9760;1.5100;165.2000;3.79009247;2.50000000;1.11139548;2.68998933;
4054452476264351;1634409818000;40.250849640000;-111.662126190000;1379.4210;0.8600;174.2000;3.79009247;2.50000000;0.09433981;3.84409022;
4054453462305861;1634409819000;40.250838710000;-111.662128310000;1379.5692;1.3400;179.7000;3.79009247;2.50000000;0.04472136;1.29003990;
4054454477981277;1634409820000;40.250825310000;-111.662129670000;1380.0554;1.3700;178.8000;3.79009247;2.50000000;0.04472136;1.26625037;
4054455479527996;1634409821000;40.250813030000;-111.662130500000;1380.4783;1.2300;179.0000;3.79009247;2.50000000;0.04472136;1.47558510;
4054456477227058;1634409822000;40.250803190000;-111.662130520000;1380.5405;0.9100;176.2000;3.79009247;2.50000000;0.13038404;5.35141993;
4054457478086901;1634409823000;40.250794290000;-111.662130490000;1380.7590;0.9600;179.6000;3.79009247;2.50000000;0.86533231;14.44368458;
4054458477986693;1634409824000;40.250787870000;-111.662130050000;1381.1945;0.6300;179.4000;3.79009247;2.50000000;0.81541401;13.88895702;
4054459475597109;1634409825000;40.250786930000;-111.662128760000;1381.4508;0.0000;-3000.0000;3.79009247;2.50000000;0.07810250;-1.00000000;
4054460455330286;1634409826000;40.250786060000;-111.662126310000;1381.6183;0.0000;-3000.0000;3.79009247;2.50000000;0.08602326;-1.00000000;
4054461470878827;1634409827000;40.250785880000;-111.662123370000;1381.6456;0.0000;-3000.0000;3.79009247;2.50000000;0.08062258;-1.00000000;
4054462478097889;1634409828000;40.250787350000;-111.662119430000;1381.7426;0.0000;-3000.0000;3.79009247;2.50000000;0.08062258;-1.00000000;
4054463476870909;1634409829000;40.250788100000;-111.662118350000;1381.7157;0.0000;-3000.0000;3.79009247;2.50000000;0.08602326;-1.00000000;
4054464480111690;1634409830000;40.250789580000;-111.662117970000;1381.6042;0.0000;-3000.0000;3.79009247;2.50000000;0.08062258;-1.00000000;
4054465479176013;1634409831000;40.250784170000;-111.662118170000;1381.9467;0.6000;175.7000;3.79009247;2.50000000;0.81541401;4.11817455;
4054466475563408;1634409832000;40.250783900000;-111.662117100000;1381.7189;0.6400;175.7000;3.79009247;2.50000000;0.84059501;6.64622593;
4054467478802887;1634409833000;40.250788480000;-111.662117520000;1381.9949;0.0000;-3000.0000;3.79009247;2.50000000;0.08602326;-1.00000000;
4054468482079866;1634409834000;40.250790550000;-111.662118670000;1382.3495;0.0000;-3000.0000;3.79009247;2.50000000;0.07211103;-1.00000000;
4054469478677730;1634409835000;40.250791930000;-111.662117340000;1382.0909;0.4900;180.2000;3.79009247;2.50000000;0.84059501;16.51006317;
4054470477954969;1634409836000;40.250792660000;-111.662115190000;1382.5421;0.0000;-3000.0000;3.79009247;2.50000000;0.08062258;-1.00000000;
4054471481470906;1634409837000;40.250787880000;-111.662115180000;1382.8429;0.6800;177.8000;3.79009247;2.50000000;0.84059501;20.05427361;
4054472556546479;1634409838000;40.250788600000;-111.662116110000;1383.0402;0.5000;176.3000;3.79009247;2.50000000;0.84059501;63.81903458;
4054473479091531;1634409839000;40.250790220000;-111.662117860000;1382.8156;0.0000;-3000.0000;3.79009247;2.50000000;0.08062258;-1.00000000;
4054474476755384;1634409840000;40.250790830000;-111.662116830000;1382.7694;0.0000;-3000.0000;3.79009247;2.50000000;0.08602326;-1.00000000;
4054475479945228;1634409841000;40.250788610000;-111.662115940000;1382.5924;0.0000;-3000.0000;3.79009247;2.50000000;0.08602326;-1.00000000;
4054476475938977;1634409842000;40.250786920000;-111.662115140000;1382.5331;0.0000;-3000.0000;3.79009247;2.50000000;0.08062258;-1.00000000;
4054477476849550;1634409843000;40.250787530000;-111.662113290000;1382.3396;0.0000;-3000.0000;3.79009247;2.50000000;0.08062258;-1.00000000;
4054478476273768;1634409844000;40.250786770000;-111.662112380000;1382.3451;0.0000;-3000.0000;3.79009247;2.50000000;0.08062258;-1.00000000;
4054479475302935;1634409845000;40.250785880000;-111.662112170000;1382.3142;0.0000;-3000.0000;3.79009247;2.50000000;0.08062258;-1.00000000;
4054480477522986;1634409846000;40.250785000000;-111.662112450000;1382.2605;0.0000;-3000.0000;3.79009247;2.50000000;0.08602326;-1.00000000;
4054481479398559;1634409847000;40.250784950000;-111.662113730000;1382.2438;0.0000;-3000.0000;3.79009247;2.50000000;0.08062258;-1.00000000;
4054482476491163;1634409848000;40.250784780000;-111.662114600000;1382.3896;0.0000;-3000.0000;3.79009247;2.50000000;0.08062258;-1.00000000;
4054483478221266;1634409849000;40.250784540000;-111.662114340000;1382.3871;0.0000;-3000.0000;3.79009247;2.50000000;0.08062258;-1.00000000;
4054484468820068;1634409850000;40.250784640000;-111.662114340000;1382.4054;0.0000;-3000.0000;3.79009247;2.50000000;0.08062258;-1.00000000;
4054485469188401;1634409851000;40.250784700000;-111.662114410000;1382.4094;0.0000;-3000.0000;3.79009247;2.50000000;0.08062258;-1.00000000;
4054486474654599;1634409852000;40.250784730000;-111.662114440000;1382.4240;0.0000;-3000.0000;3.79009247;2.50000000;0.08062258;-1.00000000;
4054487477539546;1634409853000;40.250784760000;-111.662114460000;1382.4279;0.0000;-3000.0000;3.79009247;2.50000000;0.08062258;-1.00000000;
4054488476391108;1634409854000;40.250784800000;-111.662114470000;1382.4310;0.0000;-3000.0000;3.79009247;2.50000000;0.08062258;-1.00000000;
4054489479176212;1634409855000;40.250784820000;-111.662114480000;1382.4351;0.0000;-3000.0000;3.79009247;2.50000000;0.08062258;-1.00000000;
4054490551672826;1634409856000;40.250784850000;-111.662114510000;1382.4379;0.0000;-3000.0000;3.79009247;2.50000000;0.08062258;-1.00000000;
4054491482602617;1634409857000;40.250784880000;-111.662114540000;1382.4420;0.0000;-3000.0000;3.79009247;2.50000000;0.08062258;-1.00000000;
4054492480512669;1634409858000;40.250784920000;-111.662114550000;1382.4459;0.0000;-3000.0000;3.79009247;2.50000000;0.08062258;-1.00000000;
4054493476349908;1634409859000;40.250784960000;-111.662114550000;1382.4498;0.0000;-3000.0000;3.79009247;2.50000000;0.08062258;-1.00000000;
4054494479426731;1634409860000;40.250784990000;-111.662114550000;1382.4551;0.0000;-3000.0000;3.79009247;2.50000000;0.08062258;-1.00000000;
4054495476446887;1634409861000;40.250785020000;-111.662114550000;1382.4589;0.0000;-3000.0000;3.79009247;2.50000000;0.08062258;-1.00000000;
4054496550129803;1634409862000;40.250785050000;-111.662114560000;1382.4637;0.0000;-3000.0000;3.79009247;2.50000000;0.08062258;-1.00000000;
4054497479046001;1634409863000;40.250785080000;-111.662114580000;1382.4673;0.0000;-3000.0000;3.79009247;2.50000000;0.08062258;-1.00000000;
4054498476315479;1634409864000;40.250785090000;-111.662114620000;1382.4706;0.0000;-3000.0000;3.79009247;2.50000000;0.08062258;-1.00000000;
4054499489936104;1634409865000;40.250785100000;-111.662114650000;1382.4738;0.0000;-3000.0000;3.79009247;2.50000000;0.08062258;-1.00000000;
4054500481391729;1634409866000;40.250785090000;-111.662114680000;1382.4750;0.0000;-3000.0000;3.79009247;2.50000000;0.08062258;-1.00000000;
4054501482349124;1634409867000;40.250785090000;-111.662114710000;1382.4783;0.0000;-3000.0000;3.79009247;2.50000000;0.08062258;-1.00000000;
4054502477456988;1634409868000;40.250781250000;-111.662114700000;1382.4882;0.3600;166.0000;3.79009247;2.50000000;0.84059501;20.88740921;
4054503476567769;1634409869000;40.250760910000;-111.662118470000;1382.2968;2.4800;190.8000;3.79009247;2.50000000;0.84599054;9.01981544;
4054504480280737;1634409870000;40.250731960000;-111.662126210000;1382.1444;3.3800;199.3000;3.79009247;2.50000000;0.84059501;9.13906860;
4054505479800060;1634409871000;40.250692920000;-111.662129950000;1382.0093;4.4100;188.6000;3.79009247;2.50000000;0.84599054;9.18850803;
4054506480019487;1634409872000;40.250643010000;-111.662123040000;1381.9509;5.0300;190.6000;3.79009247;2.50000000;1.08558738;8.73740959;
4054507482676778;1634409873000;40.250591790000;-111.662122640000;1382.0494;5.7300;187.2000;3.79009247;2.50000000;1.06850362;7.88563967;
4054508475858496;1634409874000;40.250535020000;-111.662121840000;1381.8602;6.2100;185.3000;3.79009247;2.50000000;1.04307234;6.49600220;
4054509475142715;1634409875000;40.250472310000;-111.662121450000;1381.5759;6.6800;184.6000;3.79009247;2.50000000;1.04307234;4.82477093;
4054510480193496;1634409876000;40.250407730000;-111.662127710000;1381.1394;6.9600;183.2000;3.79009247;2.50000000;1.00439036;4.14750671;
4054511477254329;1634409877000;40.250340700000;-111.662130360000;1381.0350;7.2600;184.0000;3.79009247;2.50000000;1.05152273;3.68316889;
4054512478739849;1634409878000;40.250275200000;-111.662136980000;1381.1964;7.3800;183.2000;3.79009247;2.50000000;1.04861820;3.83505678;
4054513481863234;1634409879000;40.250206300000;-111.662138810000;1381.1282;7.4600;181.8000;3.79009247;2.50000000;0.97652447;3.32006645;
4054514480955109;1634409880000;40.250138020000;-111.662141590000;1381.1570;7.5000;182.7000;3.79009247;2.50000000;1.03174615;3.36377120;
4054515480065525;1634409881000;40.250068520000;-111.662142540000;1381.0251;7.4700;185.3000;3.79009247;2.50000000;1.04307234;3.44072342;
4054516480368858;1634409882000;40.249998760000;-111.662147240000;1381.1893;7.6800;180.6000;3.79009247;2.50000000;1.04560983;3.48240781;
4054517481686514;1634409883000;40.249929340000;-111.662150200000;1381.1937;7.5200;181.1000;3.79009247;2.50000000;0.97652447;3.16532445;
4054518479620420;1634409884000;40.249861260000;-111.662147510000;1381.0675;7.5300;180.6000;3.79009247;2.50000000;0.95801878;2.63030148;
4054519478862503;1634409885000;40.249792800000;-111.662147610000;1381.0770;7.4600;180.2000;3.79009247;2.50000000;0.95210296;2.17357969;
4054520483928596;1634409886000;40.249726840000;-111.662146910000;1381.0585;7.4500;180.4000;3.79009247;2.50000000;0.94403392;1.98819613;
4054521473988596;1634409887000;40.249659120000;-111.662150140000;1381.3009;7.4300;181.7000;3.79009247;2.50000000;0.95210296;1.99265516;
4054522476920418;1634409888000;40.249594720000;-111.662152440000;1381.1378;7.4000;182.0000;3.79009247;2.50000000;0.95801878;1.90025890;
4054523483815730;1634409889000;40.249526880000;-111.662150520000;1381.2942;7.4000;178.9000;3.79009247;2.50000000;0.98473346;1.87080288;
4054524477699740;1634409890000;40.249459630000;-111.662155240000;1381.3440;7.4000;181.1000;3.79009247;2.50000000;0.97416633;1.93903220;
4054525476609011;1634409891000;40.249394350000;-111.662152490000;1381.4247;7.4900;181.3000;3.79009247;2.50000000;0.96020830;1.88461232;
4054526473557812;1634409892000;40.249330680000;-111.662154320000;1381.0544;7.4400;180.1000;3.79009247;2.50000000;0.95210296;1.83886707;
4054527473998177;1634409893000;40.249263350000;-111.662158180000;1381.0636;7.3900;179.6000;3.79009247;2.50000000;0.96834910;1.84699452;
4054528474370989;1634409894000;40.249195360000;-111.662154250000;1381.3207;7.4100;179.4000;3.79009247;2.50000000;0.96020830;1.89374447;
4054529480200363;1634409895000;40.249127920000;-111.662153370000;1381.1438;7.4100;179.8000;3.79009247;2.50000000;0.96020830;1.87626636;
4054530480689478;1634409896000;40.249058800000;-111.662157020000;1380.9648;7.4100;182.8000;3.79009247;2.50000000;0.98473346;1.79841447;
4054531475593800;1634409897000;40.248990480000;-111.662159200000;1381.2397;7.4200;181.9000;3.79009247;2.50000000;0.98473346;1.85745537;
4054532475225779;1634409898000;40.248924950000;-111.662166970000;1381.6205;7.3800;179.9000;3.79009247;2.50000000;0.96834910;1.86041522;
4054533558891299;1634409899000;40.248859220000;-111.662169240000;1381.3335;7.3800;180.3000;3.79009247;2.50000000;0.94403392;1.81156254;
4054534480730986;1634409900000;40.248794150000;-111.662173350000;1381.5172;7.4000;180.4000;3.79009247;2.50000000;0.94403392;1.66872466;
4054535476207392;1634409901000;40.248727240000;-111.662173130000;1381.4423;7.4200;180.1000;3.79009247;2.50000000;0.95210296;1.55616415;
4054536477170777;1634409902000;40.248660720000;-111.662174020000;1381.5635;7.4300;180.5000;3.79009247;2.50000000;1.00124919;1.57564032;
4054537481401298;1634409903000;40.248592930000;-111.662176260000;1382.0332;7.4500;179.0000;3.79009247;2.50000000;0.95603347;1.60916829;
4054538478917756;1634409904000;40.248525330000;-111.662174900000;1381.6542;7.3900;182.5000;3.79009247;2.50000000;0.96834910;1.59038353;
4054539482426401;1634409905000;40.248460080000;-111.662179190000;1381.7190;7.4400;181.3000;3.79009247;2.50000000;0.94403392;1.60846639;
4054540481612234;1634409906000;40.248393410000;-111.662178880000;1381.6827;7.4600;179.4000;3.79009247;2.50000000;0.95210296;1.53956592;
4054541480101036;1634409907000;40.248327880000;-111.662176890000;1381.5392;7.5200;181.3000;3.79009247;2.50000000;0.98473346;1.51096034;
4054542475534577;1634409908000;40.248262190000;-111.662176470000;1381.3499;7.5100;180.5000;3.79009247;2.50000000;0.96834910;1.53284347;
4054543475566660;1634409909000;40.248194880000;-111.662182010000;1380.7953;7.5000;180.7000;3.79009247;2.50000000;0.96834910;1.56256151;
4054544482949420;1634409910000;40.248126620000;-111.662183710000;1380.9147;7.5100;181.2000;3.79009247;2.50000000;0.96834910;1.54424059;
4054545554036555;1634409911000;40.248056230000;-111.662185530000;1380.8881;7.5100;180.5000;3.79009247;2.50000000;0.93600214;1.52423787;
4054546478815513;1634409912000;40.247985180000;-111.662188970000;1380.8339;7.5100;178.7000;3.79009247;2.50000000;0.95210296;1.44859695;
4054547478451711;1634409913000;40.247918500000;-111.662185870000;1380.7147;7.5000;179.8000;3.79009247;2.50000000;0.95210296;1.42895210;
4054548474643533;1634409914000;40.247852210000;-111.662186380000;1381.2502;7.4900;179.5000;3.79009247;2.50000000;0.93600214;1.41027880;
4054549480234418;1634409915000;40.247786570000;-111.662186910000;1381.1772;7.3800;181.8000;3.79009247;2.50000000;0.98229325;1.35508680;
4054550483074418;1634409916000;40.247718860000;-111.662187370000;1381.0557;7.4400;180.9000;3.79009247;2.50000000;0.95210296;1.37486386;
4054551553704365;1634409917000;40.247650520000;-111.662186960000;1380.9453;7.4800;181.2000;3.79009247;2.50000000;0.95210296;1.38007820;
4054552472254469;1634409918000;40.247583730000;-111.662188190000;1380.6938;7.4600;181.4000;3.79009247;2.50000000;0.95210296;1.34448719;
4054553478046813;1634409919000;40.247521730000;-111.662183690000;1380.7222;7.4400;180.1000;3.79009247;2.50000000;0.96834910;1.37423825;
4054554484135198;1634409920000;40.247450510000;-111.662182770000;1380.4136;7.4500;179.1000;3.79009247;2.50000000;0.97652447;1.39118886;
4054555480540718;1634409921000;40.247382650000;-111.662179660000;1380.1344;7.4400;179.7000;3.79009247;2.50000000;0.97652447;1.40590310;
4054556482902541;1634409922000;40.247315620000;-111.662181550000;1380.0598;7.4200;181.3000;3.79009247;2.50000000;0.94403392;1.41449904;
4054557472306707;1634409923000;40.247247610000;-111.662179670000;1379.8129;7.4300;180.4000;3.79009247;2.50000000;0.93600214;1.36913598;
4054558480867852;1634409924000;40.247182810000;-111.662182950000;1379.8055;7.4000;182.5000;3.79009247;2.50000000;0.98600203;1.37346220;
4054559484648112;1634409925000;40.247114500000;-111.662184240000;1379.2418;7.4200;181.7000;3.79009247;2.50000000;0.96834910;1.37074900;
4054560477676445;1634409926000;40.247046620000;-111.662190190000;1379.3971;7.4500;182.7000;3.79009247;2.50000000;0.94403392;1.38099706;
4054561479166914;1634409927000;40.246976060000;-111.662190280000;1378.8385;7.4300;181.5000;3.79009247;2.50000000;0.94810337;1.34927154;
4054562476587747;1634409928000;40.246909550000;-111.662195320000;1378.7577;7.4400;180.6000;3.79009247;2.50000000;1.03464973;1.36088288;
4054563473736861;1634409929000;40.246840690000;-111.662192140000;1378.3303;7.4000;180.0000;3.79009247;2.50000000;0.94403392;1.40111935;
4054564480549413;1634409930000;40.246776800000;-111.662190640000;1378.5026;7.4000;180.5000;3.79009247;2.50000000;0.95210296;1.35549581;
4054565474308214;1634409931000;40.246708680000;-111.662192180000;1378.4950;7.4200;179.8000;3.79009247;2.50000000;0.92800862;1.33385420;
4054566476647589;1634409932000;40.246643570000;-111.662196010000;1379.1239;7.4100;179.3000;3.79009247;2.50000000;0.93600214;1.28820038;
4054567479641391;1634409933000;40.246577890000;-111.662189160000;1378.9664;7.3200;184.0000;3.79009247;2.50000000;1.01513541;1.31538177;
4054568476326130;1634409934000;40.246511880000;-111.662191280000;1378.5850;7.2600;182.1000;3.79009247;2.50000000;0.94403392;1.36085856;
4054569472730921;1634409935000;40.246449320000;-111.662192670000;1378.0935;7.1900;180.6000;3.79009247;2.50000000;0.93600214;1.36445761;
4054570476005921;1634409936000;40.246384150000;-111.662193770000;1378.0276;7.3100;182.0000;3.79009247;2.50000000;0.98473346;1.34432638;
4054571489205608;1634409937000;40.246316630000;-111.662196650000;1377.8323;7.3400;183.5000;3.79009247;2.50000000;1.00955439;1.39240944;
4054572478148420;1634409938000;40.246250300000;-111.662200890000;1377.6752;7.3700;181.7000;3.79009247;2.50000000;0.96020830;1.43842590;
4054573482971857;1634409939000;40.246183020000;-111.662202760000;1377.4706;7.4300;181.3000;3.79009247;2.50000000;0.96020830;1.48411930;
4054574480140607;1634409940000;40.246116130000;-111.662204490000;1377.3025;7.4000;181.5000;3.79009247;2.50000000;0.99403220;1.46079791;
4054575475528210;1634409941000;40.246050070000;-111.662210140000;1377.1298;7.4300;182.4000;3.79009247;2.50000000;0.93600214;1.45349312;
4054576476243158;1634409942000;40.245984670000;-111.662214100000;1376.8340;7.4100;181.4000;3.79009247;2.50000000;0.94403392;1.39061952;
4054577480891699;1634409943000;40.245915090000;-111.662216660000;1376.8203;7.4300;182.2000;3.79009247;2.50000000;0.94403392;1.36343920;
4054578478875136;1634409944000;40.245846700000;-111.662219680000;1376.8049;7.4400;179.2000;3.79009247;2.50000000;0.95210296;1.32653785;
4054579486706126;1634409945000;40.245780840000;-111.662221730000;1377.1035;7.3900;179.9000;3.79009247;2.50000000;0.93600214;1.32328892;
4054580481852531;1634409946000;40.245715950000;-111.662217110000;1377.2367;7.4000;178.8000;3.79009247;2.50000000;0.93600214;1.29439402;
4054581478491698;1634409947000;40.245648970000;-111.662216720000;1377.3052;7.3800;180.6000;3.79009247;2.50000000;0.97200823;1.29201889;
4054582476680708;1634409948000;40.245580780000;-111.662216000000;1377.1124;7.3700;180.6000;3.79009247;2.50000000;0.92800862;1.29372156;
4054583477180968;1634409949000;40.245513790000;-111.662215580000;1377.1146;7.3800;183.2000;3.79009247;2.50000000;0.96020830;1.30634940;
4054584479644249;1634409950000;40.245447010000;-111.662220120000;1376.8309;7.3900;180.9000;3.79009247;2.50000000;0.94403392;1.30370414;
4054585557571644;1634409951000;40.245381760000;-111.662218010000;1376.5314;7.3600;181.1000;3.79009247;2.50000000;0.94403392;1.28782713;
4054586483482894;1634409952000;40.245314170000;-111.662217620000;1376.4127;7.4000;180.2000;3.79009247;2.50000000;0.92800862;1.27159941;
4054587477464820;1634409953000;40.245246730000;-111.662220840000;1376.2120;7.3800;182.0000;3.79009247;2.50000000;0.92800862;1.30554819;
4054588476925601;1634409954000;40.245181730000;-111.662220260000;1376.3944;7.4200;179.3000;3.79009247;2.50000000;0.94403392;1.29249215;
4054589476288934;1634409955000;40.245116570000;-111.662221880000;1376.5297;7.4100;182.8000;3.79009247;2.50000000;0.98473346;1.32403171;
4054590474194090;1634409956000;40.245050380000;-111.662226420000;1376.4783;7.3600;179.6000;3.79009247;2.50000000;0.96020830;1.36183035;
4054591474851277;1634409957000;40.244984860000;-111.662226530000;1376.4093;7.3800;179.3000;3.79009247;2.50000000;0.95210296;1.37778127;
4054592478611850;1634409958000;40.244918970000;-111.662224310000;1376.5598;7.3900;179.6000;3.79009247;2.50000000;0.99045444;1.43792701;
4054593478886797;1634409959000;40.244852240000;-111.662215150000;1376.2460;7.4200;175.6000;3.79009247;2.50000000;1.01513541;1.50023162;
4054594475047943;1634409960000;40.244789480000;-111.662210750000;1376.1934;7.2000;178.6000;3.79009247;2.50000000;0.99297535;1.53657603;
4054595472792005;1634409961000;40.244730340000;-111.662210530000;1376.2152;6.7800;179.8000;3.79009247;2.50000000;1.02902865;1.58698714;
4054596477576952;1634409962000;40.244670420000;-111.662208430000;1376.3993;6.3900;178.6000;3.79009247;2.50000000;1.00955439;1.62498903;
4054597551471223;1634409963000;40.244618070000;-111.662201490000;1376.1929;5.9700;177.8000;3.79009247;2.50000000;1.02625537;1.69771779;
4054598478263827;1634409964000;40.244570040000;-111.662202120000;1376.1486;5.3000;182.5000;3.79009247;2.50000000;1.04307234;1.76653314;
4054599482496430;1634409965000;40.244533980000;-111.662204030000;1375.9956;4.1200;177.7000;3.79009247;2.50000000;0.98473346;1.84805298;
4054600479011378;1634409966000;40.244508540000;-111.662203860000;1376.0215;3.0200;173.9000;3.79009247;2.50000000;1.08558738;1.95223439;
4054601484769346;1634409967000;40.244484140000;-111.662207590000;1375.7511;2.4600;180.7000;3.79009247;2.50000000;1.04307234;2.05183268;
4054602479263513;1634409968000;40.244466430000;-111.662205270000;1375.0315;2.0000;171.9000;3.79009247;2.50000000;1.04861820;2.15335393;
4054603473281637;1634409969000;40.244448840000;-111.662201240000;1374.8671;1.5500;179.5000;3.79009247;2.50000000;1.07377839;2.26087832;
4054604476353616;1634409970000;40.244441380000;-111.662200050000;1373.9584;0.8900;171.2000;3.79009247;2.50000000;1.12361026;2.37209010;
4054605478860959;1634409971000;40.244438680000;-111.662199020000;1374.0487;0.3300;174.9000;3.79009247;2.50000000;1.01788998;2.48517585;
4054606478656688;1634409972000;40.244440650000;-111.662197790000;1374.1407;0.0000;-3000.0000;3.79009247;2.50000000;0.08062258;-1.00000000;
4054607480659604;1634409973000;40.244442050000;-111.662196680000;1374.1271;0.0000;-3000.0000;3.79009247;2.50000000;0.08062258;-1.00000000;
4054608479434448;1634409974000;40.244443160000;-111.662194580000;1374.0265;0.2000;177.9000;3.79009247;2.50000000;1.13877130;79.07987213;
4054609555877052;1634409975000;40.244427350000;-111.662195790000;1372.8706;2.5900;186.0000;3.79009247;2.50000000;0.28017852;3.98697138;
4054610479170697;1634409976000;40.244395620000;-111.662199810000;1372.7133;4.2300;184.1000;3.79009247;2.50000000;0.17204651;1.52610433;
4054611480560436;1634409977000;40.244357280000;-111.662203110000;1372.5719;4.6500;184.2000;3.79009247;2.50000000;0.24596748;1.62446582;
4054612481320384;1634409978000;40.244319570000;-111.662210400000;1372.1627;4.4000;186.8000;3.79009247;2.50000000;0.81467783;8.96467018;
4054613479712988;1634409979000;40.244275760000;-111.662213870000;1372.8961;5.5000;184.2000;3.79009247;2.50000000;0.64404970;6.21514797;
4054614479765748;1634409980000;40.244224330000;-111.662216200000;1372.9226;5.6100;182.3000;3.79009247;2.50000000;0.05830952;0.40896803;
4054615472065331;1634409981000;40.244174450000;-111.662219040000;1373.4507;5.8300;178.4000;3.79009247;2.50000000;0.07211103;0.44187915;
4054616478135018;1634409982000;40.244121440000;-111.662223630000;1373.6542;5.8400;179.7000;3.79009247;2.50000000;1.08226609;8.52439117;
4054617478062674;1634409983000;40.244063250000;-111.662226470000;1373.8027;6.0200;181.7000;3.79009247;2.50000000;0.93600214;0.85598004;
4054618478983923;1634409984000;40.244006090000;-111.662228970000;1373.6262;6.1500;183.0000;3.79009247;2.50000000;0.95603347;1.73719442;
4054619482135954;1634409985000;40.243948460000;-111.662226790000;1373.8669;6.3300;182.9000;3.79009247;2.50000000;0.95801878;2.27997231;
4054620481856839;1634409986000;40.243884650000;-111.662231910000;1374.1067;6.4900;186.0000;3.79009247;2.50000000;0.97652447;2.70093250;
4054621542790641;1634409987000;40.243825250000;-111.662236910000;1374.4552;6.5600;186.2000;3.79009247;2.50000000;0.96400207;2.92412472;
4054622475348453;1634409988000;40.243762660000;-111.662240870000;1374.5095;6.6200;184.7000;3.79009247;2.50000000;0.98229325;2.86750650;
4054623479748921;1634409989000;40.243704080000;-111.662240890000;1374.6414;6.8700;183.5000;3.79009247;2.50000000;0.95210296;2.78590322;
4054624480509338;1634409990000;40.243638230000;-111.662238800000;1374.7427;7.0300;181.2000;3.79009247;2.50000000;0.96607453;2.54662943;
4054625478120639;1634409991000;40.243577780000;-111.662230660000;1374.9628;7.0900;182.3000;3.79009247;2.50000000;1.03174615;2.50785065;
4054626479393712;1634409992000;40.243512950000;-111.662233410000;1374.8169;7.2000;186.6000;3.79009247;2.50000000;0.99045444;2.58509016;
4054627552295222;1634409993000;40.243447510000;-111.662234140000;1374.7869;7.4300;180.2000;3.79009247;2.50000000;1.02342558;2.51874971;
4054628478310482;1634409994000;40.243381160000;-111.662229710000;1374.5431;7.3900;182.0000;3.79009247;2.50000000;0.99864906;2.54305792;
4054629476023086;1634409995000;40.243312290000;-111.662229930000;1374.4183;7.4400;181.7000;3.79009247;2.50000000;1.06780148;2.48359847;
4054630477462669;1634409996000;40.243241710000;-111.662234430000;1374.4519;7.4200;184.5000;3.79009247;2.50000000;1.03730416;2.54306841;
4054631479476679;1634409997000;40.243176020000;-111.662235180000;1374.8545;7.4500;182.3000;3.79009247;2.50000000;0.99045444;2.51122999;
4054632480525584;1634409998000;40.243108410000;-111.662235420000;1374.9196;7.4500;181.4000;3.79009247;2.50000000;1.01513541;2.43818450;
4054633556891886;1634409999000;40.243042570000;-111.662237070000;1374.9315;7.4100;184.5000;3.79009247;2.50000000;1.09931803;2.55906153;
4054634475486469;1634410000000;40.242974770000;-111.662238230000;1374.8923;7.5100;182.8000;3.79009247;2.50000000;1.03464973;2.63522100;
4054635483073708;1634410001000;40.242909410000;-111.662242850000;1374.6569;7.3600;183.2000;3.79009247;2.50000000;0.96607453;2.57151723;
4054636483466729;1634410002000;40.242841590000;-111.662242560000;1374.7057;7.4600;180.8000;3.79009247;2.50000000;0.94999999;2.24443555;
4054637480583447;1634410003000;40.242770120000;-111.662241670000;1374.5471;7.4700;181.0000;3.79009247;2.50000000;0.94999999;1.89618087;
4054638479865999;1634410004000;40.242702210000;-111.662243010000;1374.5770;7.5100;181.0000;3.79009247;2.50000000;0.99045444;1.75499070;
4054639473945217;1634410005000;40.242632860000;-111.662245240000;1374.5116;7.4200;182.1000;3.79009247;2.50000000;0.96020830;1.73561954;
4054640475570686;1634410006000;40.242567740000;-111.662243310000;1374.6420;7.4500;181.0000;3.79009247;2.50000000;1.05688226;1.68404150;
4054641480235685;1634410007000;40.242496770000;-111.662244660000;1374.8787;7.4200;180.2000;3.79009247;2.50000000;1.00124919;1.73418093;
4054642478079018;1634410008000;40.242431290000;-111.662240430000;1374.6530;7.3500;180.4000;3.79009247;2.50000000;0.97416633;1.71792829;
4054643472754434;1634410009000;40.242364900000;-111.662240480000;1374.2117;7.3500;180.7000;3.79009247;2.50000000;1.04009616;1.77928805;
4054644478797611;1634410010000;40.242298770000;-111.662243830000;1374.3202;7.3300;182.1000;3.79009247;2.50000000;0.97652447;1.80157983;
4054645479244798;1634410011000;40.242231990000;-111.662245420000;1374.3583;7.3200;179.6000;3.79009247;2.50000000;0.95210296;1.77345920;
4054646476079017;1634410012000;40.242166740000;-111.662240130000;1374.1665;7.2900;182.8000;3.79009247;2.50000000;1.00124919;1.74459291;
4054647482160423;1634410013000;40.242101810000;-111.662246000000;1374.3213;7.3300;180.7000;3.79009247;2.50000000;1.00687635;1.75409055;
4054648481620891;1634410014000;40.242039090000;-111.662244340000;1374.5001;7.2500;181.3000;3.79009247;2.50000000;0.99297535;1.76320899;
4054649482601255;1634410015000;40.241975420000;-111.662245870000;1374.2523;7.2400;183.6000;3.79009247;2.50000000;0.99864906;1.75508928;
4054650476582609;1634410016000;40.241911160000;-111.662250940000;1374.2455;7.2500;184.0000;3.79009247;2.50000000;1.05688226;1.78652608;
4054651475652661;1634410017000;40.241847150000;-111.662254330000;1373.7965;7.2600;181.1000;3.79009247;2.50000000;0.97800815;1.80948913;
4054652479520056;1634410018000;40.241780330000;-111.662254430000;1373.6177;7.2300;179.4000;3.79009247;2.50000000;0.98229325;1.71839142;
4054653481567764;1634410019000;40.241716980000;-111.662255290000;1373.5797;7.2500;181.7000;3.79009247;2.50000000;1.01513541;1.73964512;
4054654477374222;1634410020000;40.241651900000;-111.662254640000;1373.4974;7.2000;181.9000;3.79009247;2.50000000;1.00687635;1.73566794;
4054655477779222;1634410021000;40.241586370000;-111.662254600000;1373.5458;7.1600;181.2000;3.79009247;2.50000000;0.94201910;1.71829367;
4054656480104794;1634410022000;40.241520920000;-111.662253170000;1373.7402;7.1000;179.3000;3.79009247;2.50000000;1.01788998;1.64459813;
4054657472929429;1634410023000;40.241456780000;-111.662251480000;1373.3158;7.0600;182.0000;3.79009247;2.50000000;1.00124919;1.66303051;
4054658479553595;1634410024000;40.241394460000;-111.662248100000;1372.8572;6.9700;180.3000;3.79009247;2.50000000;0.96020830;1.68597662;
4054659478508022;1634410025000;40.241331880000;-111.662248900000;1372.5903;6.9600;178.7000;3.79009247;2.50000000;1.00955439;1.63222814;
4054660477818595;1634410026000;40.241267790000;-111.662245850000;1372.5914;6.9500;178.3000;3.79009247;2.50000000;0.97652447;1.64657092;
4054661476523490;1634410027000;40.241205880000;-111.662245180000;1372.4622;6.9000;181.7000;3.79009247;2.50000000;1.05152273;1.69716120;
4054662479849271;1634410028000;40.241140230000;-111.662249360000;1372.2349;6.9600;180.1000;3.79009247;2.50000000;0.99045444;1.72912681;
4054663480232396;1634410029000;40.241080760000;-111.662252500000;1372.7440;7.0900;181.6000;3.79009247;2.50000000;0.96607453;1.71766758;
4054664477265989;1634410030000;40.241021230000;-111.662251670000;1372.5732;6.9300;180.8000;3.79009247;2.50000000;0.97652447;1.67698693;
4054665476438124;1634410031000;40.240959000000;-111.662250170000;1372.3297;6.9600;181.0000;3.79009247;2.50000000;1.02625537;1.69275033;
4054666481865832;1634410032000;40.240894020000;-111.662253390000;1372.1788;7.0700;180.9000;3.79009247;2.50000000;0.98473346;1.69963729;
4054667475872915;1634410033000;40.240828710000;-111.662257850000;1372.0295;7.0700;180.2000;3.79009247;2.50000000;0.98473346;1.67842567;
4054668474194008;1634410034000;40.240765660000;-111.662256360000;1371.8621;7.0900;181.0000;3.79009247;2.50000000;0.96607453;1.68229830;
4054669477119633;1634410035000;40.240699630000;-111.662250550000;1371.5022;7.1900;179.8000;3.79009247;2.50000000;0.98473346;1.64993203;
4054670478089476;1634410036000;40.240634360000;-111.662250000000;1371.3257;7.2000;181.5000;3.79009247;2.50000000;0.97652447;1.65960550;
4054671476967393;1634410037000;40.240569010000;-111.662251120000;1371.5420;7.2700;180.9000;3.79009247;2.50000000;0.97652447;1.62939608;
4054672480253955;1634410038000;40.240500570000;-111.662254210000;1371.4917;7.3300;183.5000;3.79009247;2.50000000;1.00124919;1.58393872;
4054673478385048;1634410039000;40.240434370000;-111.662261200000;1371.4529;7.3900;182.0000;3.79009247;2.50000000;1.00124919;1.60671842;
4054674557914631;1634410040000;40.240366030000;-111.662264260000;1371.2787;7.3900;182.0000;3.79009247;2.50000000;0.98473346;1.61406124;
4054675470812651;1634410041000;40.240296830000;-111.662270370000;1371.0758;7.6000;182.5000;3.79009247;2.50000000;0.98473346;1.63926435;
4054676475115255;1634410042000;40.240231320000;-111.662274000000;1370.8043;7.6600;181.9000;3.79009247;2.50000000;0.96834910;1.61765206;
4054677478483588;1634410043000;40.240165860000;-111.662274620000;1371.0179;7.5600;178.9000;3.79009247;2.50000000;0.98005104;1.64005828;
4054678478526869;1634410044000;40.240097090000;-111.662274430000;1371.3501;7.5100;183.5000;3.79009247;2.50000000;0.99864906;1.62254679;
4054679478107598;1634410045000;40.240028000000;-111.662275720000;1371.5895;7.6500;181.0000;3.79009247;2.50000000;0.98229325;1.63000941;
4054680551934264;1634410046000;40.239960230000;-111.662284360000;1371.9302;7.4400;183.0000;3.79009247;2.50000000;1.06606758;1.64143050;
4054681476340253;1634410047000;40.239887720000;-111.662286970000;1371.8685;7.6500;180.5000;3.79009247;2.50000000;1.01607084;1.61073244;
4054682478328586;1634410048000;40.239820480000;-111.662286710000;1371.9475;7.5900;180.2000;3.79009247;2.50000000;0.98229325;1.63267791;
4054683480399575;1634410049000;40.239753720000;-111.662284030000;1371.6652;7.4600;179.3000;3.79009247;2.50000000;0.97416633;1.61918724;
4054684482816658;1634410050000;40.239684120000;-111.662283720000;1371.7546;7.4900;181.1000;3.79009247;2.50000000;0.96020830;1.58206487;
4054685475718533;1634410051000;40.239619960000;-111.662284780000;1371.5967;7.4600;182.5000;3.79009247;2.50000000;0.96020830;1.56574488;
4054686476456449;1634410052000;40.239550100000;-111.662290270000;1372.2957;7.4700;178.8000;3.79009247;2.50000000;1.00955439;1.50337827;
4054687478432751;1634410053000;40.239485430000;-111.662294630000;1372.3446;7.3200;179.4000;3.79009247;2.50000000;1.02625537;1.55248713;
4054688478713949;1634410054000;40.239419640000;-111.662294970000;1371.6738;7.3700;179.9000;3.79009247;2.50000000;0.94810337;1.57131839;
4054689477643532;1634410055000;40.239352630000;-111.662295610000;1372.0315;7.4300;181.2000;3.79009247;2.50000000;0.95210296;1.53223979;
4054690476778531;1634410056000;40.239284680000;-111.662299740000;1372.2994;7.4000;179.6000;3.79009247;2.50000000;0.94999999;1.48493564;
4054691477492229;1634410057000;40.239222340000;-111.662294050000;1372.0664;7.3900;180.1000;3.79009247;2.50000000;0.94403392;1.43968344;
4054692474855562;1634410058000;40.239159090000;-111.662291840000;1372.0873;7.2600;181.7000;3.79009247;2.50000000;0.96834910;1.42767143;
4054693477289572;1634410059000;40.239094090000;-111.662294850000;1372.0701;7.1500;183.5000;3.79009247;2.50000000;0.94403392;1.44461215;
4054694473506394;1634410060000;40.239031060000;-111.662298310000;1371.9237;7.1700;180.9000;3.79009247;2.50000000;0.93600214;1.45827961;
4054695477462227;1634410061000;40.238963760000;-111.662297990000;1371.5554;7.2800;177.4000;3.79009247;2.50000000;0.97652447;1.44941819;
4054696478393112;1634410062000;40.238896700000;-111.662297540000;1371.2745;7.2900;181.3000;3.79009247;2.50000000;1.02078402;1.45978618;
4054697481590508;1634410063000;40.238827340000;-111.662301260000;1370.9403;7.3100;180.7000;3.79009247;2.50000000;0.96607453;1.49334168;
4054698472787643;1634410064000;40.238760380000;-111.662301630000;1370.5686;7.3500;179.1000;3.79009247;2.50000000;0.94403392;1.48848915;
4054699477945767;1634410065000;40.238695340000;-111.662303730000;1370.5906;7.2500;179.4000;3.79009247;2.50000000;1.01788998;1.49294424;
4054700475321861;1634410066000;40.238630850000;-111.662304570000;1370.3105;7.2200;183.9000;3.79009247;2.50000000;0.98473346;1.53787398;
4054701480694933;1634410067000;40.238568480000;-111.662302240000;1370.3541;7.2000;178.8000;3.79009247;2.50000000;0.98473346;1.57140934;
4054702479657693;1634410068000;40.238500950000;-111.662296050000;1369.9551;7.2400;178.2000;3.79009247;2.50000000;0.99045444;1.57970536;
4054703477880401;1634410069000;40.238438200000;-111.662295790000;1369.6189;7.0600;180.2000;3.79009247;2.50000000;0.99864906;1.59344065;
4054704554705609;1634410070000;40.238378360000;-111.662299570000;1369.7637;6.9100;184.2000;3.79009247;2.50000000;1.05152273;1.66647005;
4054705475557171;1634410071000;40.238316350000;-111.662303570000;1370.1124;6.8500;180.6000;3.79009247;2.50000000;0.98473346;1.70853233;
4054706474986598;1634410072000;40.238256070000;-111.662302400000;1370.2200;6.7100;179.0000;3.79009247;2.50000000;0.94999999;1.69620109;
4054707477869618;1634410073000;40.238197030000;-111.662299680000;1370.3802;6.7200;179.5000;3.79009247;2.50000000;1.01257098;1.67484856;
4054708475084201;1634410074000;40.238135230000;-111.662303500000;1370.7407;6.5500;180.8000;3.79009247;2.50000000;1.02625537;1.69570947;
4054709480817013;1634410075000;40.238075840000;-111.662304170000;1371.0179;6.4900;182.3000;3.79009247;2.50000000;1.06850362;1.77304280;
4054710559836284;1634410076000;40.238017510000;-111.662303330000;1370.6636;6.4700;180.9000;3.79009247;2.50000000;0.97652447;1.81737292;
4054711475466179;1634410077000;40.237962920000;-111.662301070000;1370.4331;6.3700;176.2000;3.79009247;2.50000000;0.99297535;1.81824481;
4054712480432846;1634410078000;40.237906320000;-111.662301780000;1370.6012;6.2300;179.0000;3.79009247;2.50000000;0.98473346;1.84675813;
4054713477267949;1634410079000;40.237852490000;-111.662303690000;1370.4552;6.1200;178.9000;3.79009247;2.50000000;0.98229325;1.84833527;
4054714477458001;1634410080000;40.237800470000;-111.662303630000;1370.7250;5.9300;182.0000;3.79009247;2.50000000;0.97652447;1.87826216;
4054715479411334;1634410081000;40.237749720000;-111.662305270000;1370.7736;5.7700;182.8000;3.79009247;2.50000000;0.96834910;1.84640455;
4054716547849094;1634410082000;40.237697230000;-111.662302680000;1370.8691;5.7700;182.2000;3.79009247;2.50000000;0.96020830;1.84777081;
4054717476884771;1634410083000;40.237644680000;-111.662308840000;1370.9572;5.9000;183.6000;3.79009247;2.50000000;1.00955439;1.85130906;
4054718468858833;1634410084000;40.237592390000;-111.662316480000;1370.6573;6.0100;181.4000;3.79009247;2.50000000;0.96834910;1.88990796;
4054719481469197;1634410085000;40.237540430000;-111.662317130000;1370.6069;6.0000;179.1000;3.79009247;2.50000000;1.00955439;1.87941515;
4054720477730186;1634410086000;40.237485260000;-111.662317740000;1370.5631;5.9000;179.9000;3.79009247;2.50000000;1.00124919;1.93613851;
4054721472837269;1634410087000;40.237430300000;-111.662314180000;1370.6382;5.9000;179.7000;3.79009247;2.50000000;0.93600214;1.92706358;
4054722478289300;1634410088000;40.237376940000;-111.662310660000;1370.4675;5.8500;179.4000;3.79009247;2.50000000;0.96020830;1.83290362;
4054723476611383;1634410089000;40.237327090000;-111.662306940000;1370.2385;5.8000;182.2000;3.79009247;2.50000000;1.00955439;1.87589073;
4054724475276018;1634410090000;40.237277700000;-111.662307670000;1370.2943;5.8200;182.2000;3.79009247;2.50000000;0.97652447;1.88804042;
4054725463628987;1634410091000;40.237224970000;-111.662311720000;1370.0404;5.8000;181.4000;3.79009247;2.50000000;0.94403392;1.86799741;
4054726477956278;1634410092000;40.237171170000;-111.662310260000;1369.7531;5.7900;181.3000;3.79009247;2.50000000;0.95801878;1.76385653;
4054727479371798;1634410093000;40.237118470000;-111.662311550000;1369.6456;5.8200;181.7000;3.79009247;2.50000000;0.94403392;1.75825179;
4054728554556850;1634410094000;40.237065080000;-111.662314360000;1369.6283;5.8200;178.6000;3.79009247;2.50000000;0.98473346;1.77022982;
4054729480392735;1634410095000;40.237016580000;-111.662313210000;1369.7302;5.7400;178.2000;3.79009247;2.50000000;0.96834910;1.79828084;
4054730475880599;1634410096000;40.236966700000;-111.662312470000;1369.6996;5.7200;178.2000;3.79009247;2.50000000;0.94403392;1.77251840;
4054731479486432;1634410097000;40.236911880000;-111.662313410000;1369.6479;5.7400;179.6000;3.79009247;2.50000000;0.94201910;1.75911367;
4054732477638619;1634410098000;40.236858980000;-111.662313770000;1369.9528;5.6900;181.0000;3.79009247;2.50000000;0.94201910;1.75036943;
4054733480205286;1634410099000;40.236805260000;-111.662315580000;1369.9296;5.7800;182.9000;3.79009247;2.50000000;0.95210296;1.72516155;
4054734474680233;1634410100000;40.236751290000;-111.662314130000;1369.9094;5.8400;180.2000;3.79009247;2.50000000;0.94403392;1.70226419;
4054735478841951;1634410101000;40.236698090000;-111.662312850000;1369.8444;5.8400;180.7000;3.79009247;2.50000000;0.96400207;1.67393839;
4054736477174399;1634410102000;40.236643170000;-111.662311840000;1369.8516;5.9500;179.8000;3.79009247;2.50000000;0.93600214;1.63516164;
4054737481489763;1634410103000;40.236584190000;-111.662309140000;1369.8547;5.9600;179.8000;3.79009247;2.50000000;0.97652447;1.62108302;
4054738480110857;1634410104000;40.236530250000;-111.662308830000;1369.8303;5.9300;181.4000;3.79009247;2.50000000;0.96020830;1.64643717;
4054739483628408;1634410105000;40.236478170000;-111.662304870000;1369.2830;5.9300;180.9000;3.79009247;2.50000000;0.96020830;1.64297462;
4054740471645439;1634410106000;40.236425190000;-111.662307240000;1369.1458;5.8600;181.9000;3.79009247;2.50000000;0.94403392;1.65782571;
4054741479536897;1634410107000;40.236373220000;-111.662307660000;1369.1831;5.9100;179.7000;3.79009247;2.50000000;1.01513541;1.71729922;
4054742479291272;1634410108000;40.236317380000;-111.662307500000;1368.9960;6.0200;180.1000;3.79009247;2.50000000;0.96834910;1.77458692;
4054743476257782;1634410109000;40.236262270000;-111.662311540000;1369.1378;6.1300;180.2000;3.79009247;2.50000000;0.98473346;1.80686808;
4054744477227625;1634410110000;40.236202750000;-111.662312150000;1369.1785;6.3400;179.4000;3.79009247;2.50000000;0.94999999;1.78311491;
4054745478722312;1634410111000;40.236148260000;-111.662311940000;1369.2117;6.2500;182.0000;3.79009247;2.50000000;1.01019800;1.76596415;
4054746550289864;1634410112000;40.236093100000;-111.662314880000;1369.3582;6.3900;182.8000;3.79009247;2.50000000;0.99624294;1.76313794;
4054747472377416;1634410113000;40.236031340000;-111.662313870000;1369.4362;6.6900;179.2000;3.79009247;2.50000000;1.01400197;1.78772390;
4054748476302051;1634410114000;40.235973960000;-111.662312840000;1369.2196;6.5600;181.5000;3.79009247;2.50000000;1.01607084;1.75936210;
4054749478863144;1634410115000;40.235913620000;-111.662307160000;1368.6381;6.4600;178.4000;3.79009247;2.50000000;1.03406966;1.79907870;
4054750483796269;1634410116000;40.235854730000;-111.662308120000;1369.0270;6.5900;179.1000;3.79009247;2.50000000;0.97800815;1.78007936;
4054751476707518;1634410117000;40.235793410000;-111.662304060000;1368.5953;6.3900;179.2000;3.79009247;2.50000000;0.95210296;1.67011356;
4054752474475070;1634410118000;40.235730840000;-111.662313020000;1368.9554;6.6300;178.4000;3.79009247;2.50000000;1.07074738;1.68743432;
4054753476543351;1634410119000;40.235667330000;-111.662326490000;1368.3965;6.3200;179.3000;3.79009247;2.50000000;1.01833200;1.73193991;
4054754471856215;1634410120000;40.235606720000;-111.662334930000;1367.6414;6.2000;177.4000;3.79009247;2.64792752;0.98005104;1.77962518;
4054755480048715;1634410121000;40.235551360000;-111.662343030000;1367.7736;6.1100;181.0000;4.11511993;3.05025816;1.21490741;1.86137259;
4054756480382933;1634410122000;40.235486450000;-111.662353890000;1367.9430;6.7200;180.4000;4.36532402;3.31528378;1.00000000;1.87893808;
4054757482458245;1634410123000;40.235420780000;-111.662365830000;1368.2040;7.3200;181.2000;4.75356674;3.70580649;1.02004898;1.85197508;
4054758481196578;1634410124000;40.235353530000;-111.662362080000;1369.0896;7.4200;184.1000;4.70669556;3.90806437;1.05801702;1.81141627;
4054759478014755;1634410125000;40.235285820000;-111.662365010000;1370.0159;7.1700;181.8000;3.93517661;3.35767221;0.96607453;1.70781922;
4054760475485952;1634410126000;40.235216910000;-111.662348590000;1370.2155;7.1800;180.8000;3.79009247;3.25693297;1.02342558;1.68510234;
4054761483926317;1634410127000;40.235155970000;-111.662343600000;1370.1067;6.9200;182.4000;3.79009247;3.09022903;0.96607453;1.70731032;
4054762474726889;1634410128000;40.235093480000;-111.662337910000;1369.9708;6.7400;180.8000;3.79009247;2.98836374;0.96607453;1.64019549;
4054763474496472;1634410129000;40.235037370000;-111.662334610000;1369.6326;6.6000;179.7000;3.79009247;2.85276031;0.98812956;1.62158525;
4054764477102774;1634410130000;40.234987110000;-111.662333860000;1370.1260;5.7500;179.7000;3.81109905;3.02394938;1.20370257;1.70193112;
4054765476739596;1634410131000;40.234922270000;-111.662339290000;1369.8071;6.3000;180.1000;3.79009247;2.74981570;1.01833200;1.69920135;
4054766472632825;1634410132000;40.234865560000;-111.662345310000;1370.1926;6.1100;183.4000;3.79009247;2.50000000;0.99624294;1.74090779;
4054767471533918;1634410133000;40.234811140000;-111.662349100000;1369.3069;6.1600;182.4000;3.79009247;2.50000000;0.98005104;1.76070738;
4054768483048449;1634410134000;40.234752050000;-111.662351550000;1369.0132;6.1300;180.2000;3.79009247;2.50000000;0.97416633;1.75118959;
4054769478364178;1634410135000;40.234697440000;-111.662352800000;1368.8795;5.8200;181.2000;3.79009247;2.50000000;0.96607453;1.77379107;
4054770476484803;1634410136000;40.234651110000;-111.662352510000;1368.3446;5.3200;184.8000;3.79009247;2.50000000;0.99045444;1.80506957;
4054771474730740;1634410137000;40.234602910000;-111.662349230000;1368.3773;5.1000;177.2000;3.79009247;2.50000000;1.03174615;1.85004234;
4054772469395062;1634410138000;40.234564330000;-111.662348800000;1368.3254;4.6200;178.3000;3.79009247;2.50000000;0.96607453;1.91537440;
4054773464506156;1634410139000;40.234524890000;-111.662348690000;1368.6100;4.3300;179.1000;3.79009247;2.50000000;1.00801790;1.97086668;
4054774473353812;1634410140000;40.234487820000;-111.662349270000;1368.1844;3.9500;180.2000;3.79009247;2.50000000;0.94999999;1.99869728;
4054775474702457;1634410141000;40.234455060000;-111.662352340000;1367.9036;3.6700;178.9000;3.79009247;2.50000000;0.94810337;2.03864741;
4054776478525790;1634410142000;40.234421110000;-111.662355080000;1367.9723;3.3200;183.0000;3.79009247;2.50000000;1.01019800;2.11431909;
4054777475945946;1634410143000;40.234389770000;-111.662353660000;1367.4094;3.5900;181.4000;3.79009247;2.50000000;0.99403220;2.17523456;
4054778467457091;1634410144000;40.234358870000;-111.662354230000;1367.8566;3.3300;179.2000;3.79009247;2.50000000;1.05209315;2.24651098;
4054779475443028;1634410145000;40.234330750000;-111.662355850000;1367.1429;3.1500;176.9000;3.79009247;2.50000000;0.96400207;2.28382778;
4054780475567716;1634410146000;40.234301280000;-111.662357880000;1367.1002;3.3400;182.4000;3.79009247;2.50000000;1.04292858;2.36820912;
4054781478825267;1634410147000;40.234272610000;-111.662359720000;1366.9955;3.1800;183.6000;3.79009247;2.50000000;1.11503363;2.45413804;
4054782477839642;1634410148000;40.234241140000;-111.662365370000;1367.2006;3.7100;185.4000;3.79009247;2.50000000;1.00687635;2.50196505;
4054783467762141;1634410149000;40.234206320000;-111.662369760000;1366.9524;3.9700;183.6000;3.79009247;2.50000000;0.98600203;2.55154920;
4054784471642402;1634410150000;40.234169210000;-111.662371750000;1366.5774;4.0300;178.4000;3.79009247;2.50000000;1.05948102;2.58377409;
4054785472642141;1634410151000;40.234131620000;-111.662373350000;1366.1783;4.1500;178.2000;3.79009247;2.50000000;1.10385692;2.66173244;
4054786478241307;1634410152000;40.234092310000;-111.662375590000;1366.4706;4.2800;182.8000;3.79009247;2.50000000;0.98229325;2.66296220;
4054787481235473;1634410153000;40.234050440000;-111.662373090000;1367.0249;4.4700;180.6000;3.79009247;2.50000000;0.99045444;2.60881281;
4054788462197973;1634410154000;40.234009080000;-111.662365210000;1367.3983;4.4900;181.8000;3.79009247;2.50000000;0.97416633;2.55967283;
4054789476794639;1634410155000;40.233968460000;-111.662359770000;1367.4482;4.6200;182.7000;3.79009247;2.50000000;1.00687635;2.57984352;
4054790475325108;1634410156000;40.233926190000;-111.662351950000;1366.8105;4.6600;178.6000;3.79009247;2.50000000;0.95801878;2.57434225;
4054791473836409;1634410157000;40.233884060000;-111.662343840000;1367.0469;4.6600;183.0000;3.79009247;2.50000000;1.04009616;2.49099708;
4054792477999482;1634410158000;40.233841900000;-111.662341730000;1366.7103;4.6700;182.5000;3.79009247;2.50000000;1.03174615;2.54172993;
4054793480923492;1634410159000;40.233799040000;-111.662340890000;1366.6067;4.6500;178.6000;3.79009247;2.50000000;1.06850362;2.59383821;
4054794479707346;1634410160000;40.233758050000;-111.662337240000;1366.8766;4.5500;177.6000;3.79009247;2.50000000;1.00124919;2.64598155;
4054795459715001;1634410161000;40.233718400000;-111.662331970000;1366.8710;4.5000;176.3000;3.79009247;2.50000000;0.98812956;2.65078330;
4054796472957189;1634410162000;40.233678530000;-111.662327550000;1366.4469;4.5900;179.4000;3.79009247;2.50000000;0.97652447;2.58246326;
4054797470571563;1634410163000;40.233635470000;-111.662325720000;1366.4880;4.9000;179.2000;3.79009247;2.50000000;1.07703292;2.65770483;
4054798475667136;1634410164000;40.233591520000;-111.662316770000;1366.4108;5.1100;182.6000;3.79009247;2.50000000;1.08226609;2.73914409;
4054799480389948;1634410165000;40.233544810000;-111.662322270000;1365.7145;5.1000;182.0000;3.79009247;2.50000000;1.22036874;2.79874277;
4054800477602812;1634410166000;40.233502590000;-111.662316810000;1366.0942;5.4400;176.9000;3.79009247;2.50000000;1.00439036;2.70296049;
4054801478406666;1634410167000;40.233453380000;-111.662319360000;1365.9253;5.6300;178.7000;3.79009247;2.50000000;0.99403220;2.62454510;
4054802550384530;1634410168000;40.233406690000;-111.662326450000;1365.7034;5.4200;179.7000;3.79009247;2.50000000;0.99201816;2.56513977;
4054803473532342;1634410169000;40.233351140000;-111.662324330000;1366.3549;5.7100;182.3000;3.79009247;2.50000000;1.03730416;2.38589692;
4054804476285675;1634410170000;40.233297120000;-111.662328490000;1366.2371;5.7900;182.5000;3.79009247;2.50000000;0.95801878;2.32802415;
4054805481998331;1634410171000;40.233243840000;-111.662328690000;1366.4977;5.6900;181.4000;3.79009247;2.50000000;1.03406966;2.24437261;
4054806476918904;1634410172000;40.233186950000;-111.662324880000;1366.1290;5.9200;178.9000;3.79009247;2.55274940;1.04999995;2.22849727;
4054807481166559;1634410173000;40.233135610000;-111.662325460000;1365.8069;5.5700;180.6000;3.79009247;2.50000000;0.99403220;2.12706351;
4054808472288903;1634410174000;40.233081760000;-111.662317440000;1366.4072;5.5200;182.8000;3.79009247;2.72139025;1.03730416;2.05820560;
4054809476472184;1634410175000;40.233036480000;-111.662320400000;1365.8192;5.3600;183.7000;3.79009247;2.81216931;1.10675204;2.09055424;
4054810478534631;1634410176000;40.232983680000;-111.662319200000;1366.2427;5.4900;178.9000;3.79009247;2.59230328;1.07377839;2.13770223;
4054811479538381;1634410177000;40.232934410000;-111.662318000000;1366.5295;5.2500;178.5000;3.79009247;2.50000000;1.01513541;2.18061876;
4054812476283328;1634410178000;40.232884720000;-111.662316440000;1367.0190;5.2500;178.5000;3.79009247;2.50000000;1.04009616;2.21777153;
4054813481110151;1634410179000;40.232838520000;-111.662321790000;1366.6299;5.1000;181.5000;3.79009247;2.50000000;1.03227901;2.26036406;
4054814557646348;1634410180000;40.232790560000;-111.662321210000;1366.6600;5.1800;182.0000;3.79009247;2.50000000;0.96020830;2.26366735;
4054815477437025;1634410181000;40.232743440000;-111.662325100000;1366.7013;5.1500;182.4000;3.79009247;2.50000000;0.95801878;2.18388772;
4054816479922650;1634410182000;40.232695510000;-111.662328020000;1366.4318;5.1000;180.4000;3.79009247;2.50000000;0.98229325;2.16378069;
4054817475524212;1634410183000;40.232649010000;-111.662326510000;1366.3701;4.9400;178.4000;3.79009247;2.50000000;0.97800815;2.16678476;
4054818481298639;1634410184000;40.232596790000;-111.662322630000;1365.8413;5.2100;179.1000;3.79009247;2.50000000;1.27945304;2.24840188;
4054819481540878;1634410185000;40.232554120000;-111.662321250000;1365.7817;4.8600;179.3000;3.79009247;2.50000000;0.95210296;2.17915106;
4054820475610461;1634410186000;40.232509350000;-111.662320710000;1365.4692;4.9500;181.6000;3.79009247;2.50000000;0.96834910;2.13689470;
4054821475899992;1634410187000;40.232468540000;-111.662319270000;1365.2977;4.8600;182.2000;3.79009247;2.50000000;0.95210296;2.10189843;
4054822472563429;1634410188000;40.232428210000;-111.662322070000;1365.4713;4.7300;178.4000;3.79009247;2.50000000;0.98473346;2.10773230;
4054823478162022;1634410189000;40.232387840000;-111.662315510000;1365.3329;4.5600;179.7000;3.79009247;2.50000000;0.96834910;2.12614632;
4054824475813011;1634410190000;40.232348730000;-111.662317460000;1364.7661;4.5300;182.6000;3.79009247;2.50000000;0.98473346;2.12721181;
4054825478414417;1634410191000;40.232309190000;-111.662321180000;1364.7095;4.4700;181.7000;3.79009247;2.50000000;0.99297535;2.18301487;
4054826482283271;1634410192000;40.232269640000;-111.662321230000;1364.5125;4.5100;181.5000;3.79009247;2.50000000;0.96020830;2.21991348;
4054827479874677;1634410193000;40.232229100000;-111.662323070000;1364.3536;4.6400;180.9000;3.79009247;2.50000000;0.96020830;2.18549156;
4054828475616603;1634410194000;40.232187740000;-111.662323270000;1364.2212;4.7200;177.1000;3.79009247;2.50000000;0.99045444;2.15708995;
4054829479541291;1634410195000;40.232145020000;-111.662322710000;1364.1699;4.8200;181.7000;3.79009247;2.50000000;1.03174615;2.18312573;
4054830478695926;1634410196000;40.232103610000;-111.662323990000;1363.7521;4.7800;182.0000;3.79009247;2.50000000;0.98229325;2.21758986;
4054831480944675;1634410197000;40.232060730000;-111.662325580000;1364.0607;4.8100;181.6000;3.79009247;2.50000000;0.95801878;2.20246887;
4054832475284310;1634410198000;40.232016210000;-111.662326260000;1363.9329;4.7800;177.3000;3.79009247;2.50000000;1.00955439;2.19385290;
4054833476916133;1634410199000;40.231972690000;-111.662325100000;1364.3612;4.7400;180.0000;3.79009247;2.50000000;0.99297535;2.23020077;
4054834479958060;1634410200000;40.231929810000;-111.662326950000;1364.3022;4.7100;181.5000;3.79009247;2.50000000;0.97416633;2.26316094;
4054835480644570;1634410201000;40.231886960000;-111.662326170000;1364.4443;4.7400;181.0000;3.79009247;2.50000000;1.05688226;2.27441740;
4054836477130246;1634410202000;40.231845840000;-111.662324710000;1364.2186;4.6800;180.9000;3.79009247;2.50000000;0.95210296;2.30814719;
4054837477883996;1634410203000;40.231805360000;-111.662325060000;1364.0768;4.6800;183.8000;3.79009247;2.50000000;0.76609397;2.27148604;
4054838474643891;1634410204000;40.231764190000;-111.662327030000;1364.0148;4.6800;179.1000;3.79009247;2.50000000;0.79056942;2.27723432;
4054839475877485;1634410205000;40.231723220000;-111.662326110000;1363.7593;4.5800;179.3000;3.79009247;2.50000000;0.75802374;2.31074882;
4054840481941130;1634410206000;40.231681900000;-111.662328720000;1363.8810;4.5900;180.6000;3.79009247;2.50000000;0.80000001;2.34844637;
4054841482567484;1634410207000;40.231640520000;-111.662329700000;1363.9312;4.6600;180.3000;3.79009247;2.50000000;0.74202424;2.32726884;
4054842480380400;1634410208000;40.231599140000;-111.662330250000;1363.8231;4.5700;178.5000;3.79009247;2.50000000;0.75000000;2.26482701;
4054843484208369;1634410209000;40.231558410000;-111.662331040000;1363.8998;4.5800;183.6000;3.79009247;2.50000000;0.77420926;2.26811433;
4054844474278368;1634410210000;40.231518010000;-111.662333020000;1364.1238;4.4900;180.7000;3.79009247;2.50000000;0.75802374;2.29338908;
4054845480621076;1634410211000;40.231478550000;-111.662334110000;1364.0999;4.3700;180.6000;3.79009247;2.50000000;0.74202424;2.27255392;
4054846475662742;1634410212000;40.231440540000;-111.662334870000;1363.8729;4.2700;179.2000;3.79009247;2.50000000;0.72622311;2.20755410;
4054847488649461;1634410213000;40.231402800000;-111.662333980000;1363.7103;4.2100;178.7000;3.79009247;2.50000000;0.75000000;2.14938927;
4054848478921804;1634410214000;40.231364970000;-111.662334020000;1363.9476;4.2300;179.4000;3.79009247;2.50000000;0.76216799;2.15521502;
4054849477182220;1634410215000;40.231325560000;-111.662335610000;1363.8514;4.2900;183.5000;3.79009247;2.50000000;0.79881161;2.12538052;
4054850477796126;1634410216000;40.231286230000;-111.662339590000;1363.6124;4.2900;181.1000;3.79009247;2.50000000;0.78236818;2.17893267;
4054851477427480;1634410217000;40.231245890000;-111.662340730000;1363.6288;4.4100;180.3000;3.79009247;2.50000000;0.77420926;2.21333718;
4054852481410136;1634410218000;40.231207130000;-111.662338910000;1363.3351;4.2000;176.9000;3.79009247;2.50000000;0.78409183;2.26022005;
4054853479258104;1634410219000;40.231168860000;-111.662338760000;1363.3368;4.1900;180.5000;3.79009247;2.50000000;0.75802374;2.30110431;
4054854479411229;1634410220000;40.231131380000;-111.662338010000;1363.4628;4.1100;178.2000;3.79009247;2.50000000;0.75000000;2.28827071;
4054855484959770;1634410221000;40.231095040000;-111.662336360000;1363.6786;4.0200;180.4000;3.79009247;2.50000000;0.78236818;2.31114388;
4054856471374822;1634410222000;40.231059280000;-111.662337790000;1363.6456;4.0200;184.2000;3.79009247;2.50000000;0.82377183;2.37236905;
4054857476530655;1634410223000;40.231023290000;-111.662337780000;1363.4410;4.0300;179.6000;3.79009247;2.50000000;0.79056942;2.44050384;
4054858476061436;1634410224000;40.230987270000;-111.662337200000;1363.5121;3.9600;182.2000;3.79009247;2.50000000;0.79056942;2.51056242;
4054859482473623;1634410225000;40.230951080000;-111.662337470000;1363.4557;3.9700;188.3000;3.79009247;2.50000000;0.85702974;2.61744547;
4054860479072320;1634410226000;40.230915870000;-111.662341310000;1363.2961;3.9000;182.0000;3.79009247;2.50000000;0.81541401;2.70465732;
4054861480891851;1634410227000;40.230881330000;-111.662342820000;1363.1104;3.8400;181.0000;3.79009247;2.50000000;0.80709356;2.78100300;
4054862552296122;1634410228000;40.230848540000;-111.662344090000;1362.8489;3.6800;180.4000;3.79009247;2.50000000;0.82377183;2.87414074;
4054863479940080;1634410229000;40.230817800000;-111.662344130000;1362.6157;3.5400;187.2000;3.79009247;2.50000000;0.82377183;2.97416949;
4054864473402371;1634410230000;40.230788530000;-111.662343340000;1362.2773;3.3200;180.3000;3.79009247;2.50000000;0.77420926;3.04797578;
4054865460082839;1634410231000;40.230761860000;-111.662340000000;1362.1090;3.0500;178.1000;3.79009247;2.50000000;0.81541401;3.16537857;
4054866477952006;1634410232000;40.230737430000;-111.662339730000;1362.1104;2.7500;182.6000;3.79009247;2.50000000;0.77420926;3.24308348;
4054867481342370;1634410233000;40.230715770000;-111.662340860000;1362.0753;2.5100;177.5000;3.79009247;2.50000000;0.82097501;3.32554579;
4054868479384349;1634410234000;40.230695480000;-111.662340300000;1362.4106;2.3200;176.4000;3.79009247;2.50000000;0.79056942;3.41842270;
4054869481272577;1634410235000;40.230674910000;-111.662341530000;1362.5336;2.3900;188.2000;3.79009247;2.50000000;0.78236818;3.51814699;
4054870476534973;1634410236000;40.230653980000;-111.662345970000;1362.4926;2.3200;186.9000;3.79009247;2.50000000;0.80709356;3.63506341;
4054871481760858;1634410237000;40.230636430000;-111.662348140000;1362.6689;1.9300;179.7000;3.79009247;2.50000000;0.80709356;3.74252057;
4054872464974139;1634410238000;40.230627620000;-111.662347000000;1362.7179;0.9500;162.0000;3.79009247;2.50000000;0.83216584;3.88062954;
4054873479518097;1634410239000;40.230627320000;-111.662345580000;1362.6682;0.0000;-3000.0000;3.79009247;2.50000000;0.84059501;-1.00000000;
4054874471891742;1634410240000;40.230628880000;-111.662343110000;1362.4861;0.0000;-3000.0000;3.79009247;2.50000000;0.07810250;-1.00000000;
4054875476820179;1634410241000;40.230629190000;-111.662342260000;1362.5737;0.0000;-3000.0000;3.79009247;2.50000000;0.08062258;-1.00000000;
4054876479867835;1634410242000;40.230629330000;-111.662341070000;1362.3739;0.0000;-3000.0000;3.79009247;2.50000000;0.08062258;-1.00000000;
4054877448058356;1634410243000;40.230628870000;-111.662340550000;1362.2766;0.0000;-3000.0000;3.79009247;2.50000000;0.08062258;-1.00000000;
4054878463670230;1634410244000;40.230628270000;-111.662339670000;1362.2921;0.0000;-3000.0000;3.79009247;2.50000000;0.08062258;-1.00000000;
